5.878531335309999849e+04 4.338772677799603628e+00 1.000000000000000056e-01
5.878878214119999757e+04 2.660432639551955347e+01 1.000000000000000056e-01
5.880467821479999839e+04 -2.955879930893835450e+01 1.000000000000000056e-01
5.881270611539999663e+04 -4.089948797433794425e+01 1.000000000000000056e-01
5.881569965539999976e+04 -4.046029031411791976e+01 1.000000000000000056e-01
5.881678295880000223e+04 -4.033748818493980082e+01 1.000000000000000056e-01
5.881764966219999769e+04 -3.994081052217528338e+01 1.000000000000000056e-01
5.881863966600000276e+04 -3.913568947260067432e+01 1.000000000000000056e-01
5.882169272220000130e+04 -3.629592960079931174e+01 1.000000000000000056e-01
5.882565322200000082e+04 -3.061399256144300551e+01 1.000000000000000056e-01
5.882765023710000241e+04 -2.673097582792077276e+01 1.000000000000000056e-01
5.882861999159999687e+04 -2.482556981148267283e+01 1.000000000000000056e-01
5.882978980510000110e+04 -2.204146088579152263e+01 1.000000000000000056e-01
5.883060164909999730e+04 -1.968121897260110487e+01 1.000000000000000056e-01
5.883161148710000271e+04 -1.674924670381042446e+01 1.000000000000000056e-01
5.883762236790000316e+04 9.431521635299905171e+00 1.000000000000000056e-01
5.883864073389999976e+04 1.570303390356840012e+01 1.000000000000000056e-01
5.883957284380000056e+04 2.183536467447252960e+01 1.000000000000000056e-01
5.885271083560000261e+04 -1.351171477224733586e+01 1.000000000000000056e-01
5.885355528390000109e+04 -1.859294152608151407e+01 1.000000000000000056e-01
5.885453051140000025e+04 -2.379000189218021433e+01 1.000000000000000056e-01
5.886054576359999919e+04 -3.893972919167899249e+01 1.000000000000000056e-01
5.886151907200000278e+04 -3.990191349539471588e+01 1.000000000000000056e-01
5.886351051410000218e+04 -4.100168238993586556e+01 1.000000000000000056e-01
5.886450862849999976e+04 -4.105119371980633503e+01 1.000000000000000056e-01
5.886550242040000012e+04 -4.108841486079607819e+01 1.000000000000000056e-01
5.886652367719999893e+04 -4.140377290107078068e+01 1.000000000000000056e-01
5.886749610160000157e+04 -4.070284933766726709e+01 1.000000000000000056e-01
5.887254471349999949e+04 -3.717598745468720267e+01 1.000000000000000056e-01
5.887454740719999972e+04 -3.462211514490748243e+01 1.000000000000000056e-01
5.887554412939999747e+04 -3.312839217615159981e+01 1.000000000000000056e-01
5.887654516690000310e+04 -3.162764139567680388e+01 1.000000000000000056e-01
5.887756738960000075e+04 -3.006487034171491146e+01 1.000000000000000056e-01
5.887852941920000012e+04 -2.830424337966446657e+01 1.000000000000000056e-01
5.887952903769999830e+04 -2.602374723178183658e+01 1.000000000000000056e-01
5.888072028839999984e+04 -2.356558309166530663e+01 1.000000000000000056e-01
5.888153121390000160e+04 -2.145630605818941916e+01 1.000000000000000056e-01
5.888551334409999981e+04 -7.703191833494329899e+00 1.000000000000000056e-01
5.888651149389999773e+04 -3.969246802675415076e+00 1.000000000000000056e-01
5.888750688480000099e+04 9.429742617047880415e-01 1.000000000000000056e-01
5.888880438390000199e+04 7.632873430533290815e+00 1.000000000000000056e-01
5.888976042189999862e+04 1.335991806416435068e+01 1.000000000000000056e-01
5.889052644180000061e+04 1.845737443919006893e+01 1.000000000000000056e-01
5.889153079060000164e+04 2.554077751513931460e+01 1.000000000000000056e-01
5.889250637960000313e+04 3.313668357107246010e+01 1.000000000000000056e-01
5.889351986159999797e+04 4.112144160372768198e+01 1.000000000000000056e-01
5.889549583349999739e+04 5.355161456463321201e+01 1.000000000000000056e-01
5.889648041209999792e+04 5.569437229986300508e+01 1.000000000000000056e-01
5.889749259120000352e+04 5.267004952058307765e+01 1.000000000000000056e-01
5.889848015299999679e+04 4.475578147028251408e+01 1.000000000000000056e-01
5.889948376840000128e+04 3.344318019197752534e+01 1.000000000000000056e-01
5.890146820899999875e+04 1.077055760629718151e+01 1.000000000000000056e-01
5.890151443640000070e+04 1.036765455782508738e+01 1.000000000000000056e-01
5.890155769919999875e+04 9.860945367485186352e+00 1.000000000000000056e-01
5.890158727039999940e+04 9.641249637549055507e+00 1.000000000000000056e-01
5.890161654129999806e+04 9.297630018225605752e+00 1.000000000000000056e-01
5.890164180689999921e+04 8.741550918514278123e+00 1.000000000000000056e-01
5.890167378270000336e+04 8.083850285448919593e+00 1.000000000000000056e-01
5.890169365600000310e+04 7.742834837212795307e+00 1.000000000000000056e-01
