7.431396200000000135e+03 -3.979999999999999716e+01 8.000000000000000444e-01
7.456512469999999666e+03 5.179999999999999716e+01 8.000000000000000444e-01
7.457509879999999612e+03 5.089999999999999858e+01 8.000000000000000444e-01
7.464423649999999725e+03 -1.700000000000000000e+01 8.000000000000000444e-01
7.465473060000000260e+03 -2.169999999999999929e+01 8.000000000000000444e-01
7.485367870000000039e+03 -3.739999999999999858e+01 8.000000000000000444e-01
7.486377520000000004e+03 -3.679999999999999716e+01 8.000000000000000444e-01
7.491331439999999930e+03 -2.760000000000000142e+01 8.000000000000000444e-01
7.499632389999999759e+03 2.999999999999999889e-01 8.000000000000000444e-01
7.500309100000000399e+03 4.000000000000000000e+00 8.000000000000000444e-01
7.507348759999999857e+03 5.050000000000000000e+01 8.000000000000000444e-01
7.511359610000000430e+03 2.819999999999999929e+01 8.000000000000000444e-01
7.518358510000000024e+03 -2.839999999999999858e+01 8.000000000000000444e-01
7.519505509999999958e+03 -3.150000000000000000e+01 8.000000000000000444e-01
7.520369090000000142e+03 -3.460000000000000142e+01 8.000000000000000444e-01
7.527391249999999673e+03 -4.170000000000000284e+01 8.000000000000000444e-01
7.528549610000000030e+03 -4.189999999999999858e+01 8.000000000000000444e-01
7.535376549999999952e+03 -3.760000000000000142e+01 8.000000000000000444e-01
7.546483309999999619e+03 -1.719999999999999929e+01 8.000000000000000444e-01
7.547460949999999684e+03 -1.309999999999999964e+01 8.000000000000000444e-01
7.549426029999999628e+03 -5.000000000000000000e+00 8.000000000000000444e-01
7.555428050000000439e+03 3.000000000000000000e+01 8.000000000000000444e-01
7.562410920000000260e+03 3.500000000000000000e+01 8.000000000000000444e-01
7.563410890000000109e+03 2.080000000000000071e+01 8.000000000000000444e-01
7.568397289999999884e+03 -2.330000000000000071e+01 8.000000000000000444e-01
7.575500799999999799e+03 -4.039999999999999858e+01 8.000000000000000444e-01
7.576492449999999735e+03 -4.079999999999999716e+01 8.000000000000000444e-01
7.588378440000000410e+03 -3.570000000000000284e+01 8.000000000000000444e-01
7.589494219999999586e+03 -3.570000000000000284e+01 8.000000000000000444e-01
7.590328459999999723e+03 -3.360000000000000142e+01 8.000000000000000444e-01
7.591381190000000061e+03 -3.210000000000000142e+01 8.000000000000000444e-01
7.597382929999999760e+03 -1.939999999999999858e+01 8.000000000000000444e-01
7.602342300000000250e+03 -4.000000000000000222e-01 8.000000000000000444e-01
7.611493870000000243e+03 5.289999999999999858e+01 8.000000000000000444e-01
7.616390980000000127e+03 3.600000000000000089e+00 8.000000000000000444e-01
7.617453269999999975e+03 -5.099999999999999645e+00 8.000000000000000444e-01
7.618381739999999809e+03 -1.340000000000000036e+01 8.000000000000000444e-01
7.619372889999999643e+03 -1.969999999999999929e+01 8.000000000000000444e-01
7.638501269999999749e+03 -3.839999999999999858e+01 8.000000000000000444e-01
7.644470550000000003e+03 -3.000000000000000000e+01 8.000000000000000444e-01
7.659272740000000340e+03 3.729999999999999716e+01 8.000000000000000444e-01
