#-- \lz TYC 0 \lz P=0
#JD-2440000	mag	(error)
7870.56618  3.6434 0.003
7870.58049  3.6438 0.003
7870.65507  3.6427 0.003
7870.66938  3.6468 0.004
7892.17409  3.6391 0.005
7892.24863  3.6430 0.003
7892.26297  3.6433 0.003
7926.81893  3.6438 0.003
7926.89348  3.6455 0.004
7926.90782  3.6460 0.004
7942.80119  3.6486 0.003
7942.81551  3.6396 0.003
7942.89007  3.6473 0.004
7942.90440  3.6493 0.002
7942.97897  3.6430 0.003
7979.32347  3.6424 0.004
7979.39803  3.6414 0.003
7979.41235  3.6452 0.003
7979.50125  3.6589 0.003
7998.05942  3.6418 0.003
7998.07374  3.6518 0.003
8032.08370  3.6584 0.008
8032.09802  3.6372 0.004
8032.17258  3.6452 0.003
8032.18691  3.6464 0.003
8032.26144  3.6493 0.003
8032.27578  3.6486 0.003
8059.36156  3.6417 0.003
8059.37587  3.6460 0.003
8088.14161  3.6486 0.004
8088.15592  3.6550 0.005
8088.23049  3.6435 0.003
8088.24481  3.6444 0.003
8149.27768  3.6475 0.003
8149.29199  3.6471 0.003
8149.36657  3.6409 0.003
8149.38088  3.6476 0.003
8184.10902  3.6467 0.004
8184.12334  3.6547 0.004
8184.19786  3.6504 0.004
8212.09929  3.6473 0.003
8212.11361  3.6447 0.003
8237.15746  3.6454 0.003
8237.17178  3.6424 0.003
8237.24635  3.6424 0.002
8237.26067  3.6467 0.003
8270.02782  3.6481 0.003
8270.04215  3.6408 0.003
8270.11672  3.6437 0.003
8270.13104  3.6456 0.003
8270.20561  3.6478 0.003
8287.71263  3.6451 0.003
8287.72697  3.6511 0.003
8323.86543  3.6417 0.003
8323.87979  3.6410 0.003
8323.95432  3.6422 0.003
8323.96866  3.6459 0.003
8340.39490  3.6397 0.004
8376.11943  3.6470 0.003
8399.38542  3.6506 0.003
8399.39976  3.6443 0.003
8399.56320  3.6524 0.006
8399.57753  3.6452 0.003
8430.48222  3.7049 0.015
8463.71277  3.6696 0.004
8463.72707  3.6841 0.003
8463.90487  3.7201 0.004
8489.30599  3.6475 0.005
8489.32028  3.6427 0.006
8489.39484  3.6407 0.003
8489.40920  3.6436 0.003
8489.49804  3.6412 0.004
8526.55060  3.6444 0.003
8526.63949  3.6472 0.004
8526.71405  3.6376 0.003
8526.72840  3.6454 0.003
8526.80291  3.6278 0.006
8552.69447  3.6474 0.003
8552.70879  3.6479 0.003
8552.78335  3.6471 0.003
8552.79768  3.6494 0.004
8612.59450  3.6370 0.004
8612.66902  3.6459 0.003
8612.68337  3.6451 0.004
8612.75792  3.6434 0.004
8612.77228  3.6502 0.004
8632.75244  3.6425 0.003
8632.76674  3.6453 0.003
8632.84136  3.6439 0.003
8668.01819  3.6456 0.003
8668.10706  3.6512 0.003
8668.12138  3.6457 0.003
8668.19599  3.6527 0.003
8683.83707  3.6419 0.004
8683.85135  3.6404 0.002
8683.92594  3.6370 0.003
8720.35972  3.6464 0.004
8740.33922  3.6421 0.003
8740.35352  3.6420 0.003
8740.44242  3.6423 0.002
8773.56518  3.6465 0.003
8773.57952  3.6441 0.005
8773.65404  3.6432 0.004
8773.66836  3.6481 0.004
8802.79746  3.8666 0.073
8802.81176  3.7493 0.025
8802.90064  3.6482 0.004
8802.97522  3.6426 0.007
8802.98953  3.7137 0.012
8830.38729  3.6482 0.004
8830.46186  3.6392 0.004
8830.47618  3.6496 0.003
8830.55074  3.6540 0.006
8830.56506  3.6389 0.004
8925.77075  3.6406 0.003
8925.78508  3.6464 0.005
8979.02455  3.6465 0.004
8979.03892  3.6357 0.004
8979.11345  3.6442 0.003
8979.12780  3.6396 0.004
9017.69050  3.6426 0.003
9017.70482  3.6363 0.004
9017.77938  3.6521 0.003
9017.88304  3.6158 0.007
9054.32146  3.6478 0.003
9054.41034  3.6419 0.003
9054.42469  3.6336 0.003