4.313961999998427927e+02 -3.979999999999999716e+01 8.000000000000000444e-01
4.565124699999578297e+02 5.179999999999999716e+01 8.000000000000000444e-01
4.575098799997940660e+02 5.089999999999999858e+01 8.000000000000000444e-01
4.644236499997787178e+02 -1.700000000000000000e+01 8.000000000000000444e-01
4.654730600002221763e+02 -2.169999999999999929e+01 8.000000000000000444e-01
4.853678700001910329e+02 -3.739999999999999858e+01 8.000000000000000444e-01
4.863775200000964105e+02 -3.679999999999999716e+01 8.000000000000000444e-01
4.913314399998635054e+02 -2.760000000000000142e+01 8.000000000000000444e-01
4.996323899999260902e+02 2.999999999999999889e-01 8.000000000000000444e-01
5.003091000001877546e+02 4.000000000000000000e+00 8.000000000000000444e-01
5.073487599999643862e+02 5.050000000000000000e+01 8.000000000000000444e-01
5.113596100001595914e+02 2.819999999999999929e+01 8.000000000000000444e-01
5.183585100001655519e+02 -2.839999999999999858e+01 8.000000000000000444e-01
5.195055100000463426e+02 -3.150000000000000000e+01 8.000000000000000444e-01
5.203690900001674891e+02 -3.460000000000000142e+01 8.000000000000000444e-01
5.273912499998696148e+02 -4.170000000000000284e+01 8.000000000000000444e-01
5.285496100001037121e+02 -4.189999999999999858e+01 8.000000000000000444e-01
5.353765500001609325e+02 -3.760000000000000142e+01 8.000000000000000444e-01
5.464833100000396371e+02 -1.719999999999999929e+01 8.000000000000000444e-01
5.474609500002115965e+02 -1.309999999999999964e+01 8.000000000000000444e-01
5.494260300002060831e+02 -5.000000000000000000e+00 8.000000000000000444e-01
5.554280500002205372e+02 3.000000000000000000e+01 8.000000000000000444e-01
5.624109200001694262e+02 3.500000000000000000e+01 8.000000000000000444e-01
5.634108899999409914e+02 2.080000000000000071e+01 8.000000000000000444e-01
5.683972900002263486e+02 -2.330000000000000071e+01 8.000000000000000444e-01
5.755008000000379980e+02 -4.039999999999999858e+01 8.000000000000000444e-01
5.764924499997869134e+02 -4.079999999999999716e+01 8.000000000000000444e-01
5.883784400001168251e+02 -3.570000000000000284e+01 8.000000000000000444e-01
5.894942200002260506e+02 -3.570000000000000284e+01 8.000000000000000444e-01
5.903284599999897182e+02 -3.360000000000000142e+01 8.000000000000000444e-01
5.913811900001019239e+02 -3.210000000000000142e+01 8.000000000000000444e-01
5.973829299998469651e+02 -1.939999999999999858e+01 8.000000000000000444e-01
6.023423000001348555e+02 -4.000000000000000222e-01 8.000000000000000444e-01
6.114938699998892844e+02 5.289999999999999858e+01 8.000000000000000444e-01
6.163909800001420081e+02 3.600000000000000089e+00 8.000000000000000444e-01
6.174532699999399483e+02 -5.099999999999999645e+00 8.000000000000000444e-01
6.183817400000989437e+02 -1.340000000000000036e+01 8.000000000000000444e-01
6.193728900002315640e+02 -1.969999999999999929e+01 8.000000000000000444e-01
6.385012699998915195e+02 -3.839999999999999858e+01 8.000000000000000444e-01
6.444705500002019107e+02 -3.000000000000000000e+01 8.000000000000000444e-01
6.592727399999275804e+02 3.729999999999999716e+01 8.000000000000000444e-01
