5.878531335309999849e+04 3.565815903869388848e+00 3.178407202650344932e+00
5.878878214119999757e+04 2.670926894499694271e+01 2.410992865937476637e+00
5.880467821479999839e+04 -2.969145782448465809e+01 2.439231581845276775e+00
5.881270611539999663e+04 -4.145492087952125360e+01 2.851355183476269151e+00
5.881569965539999976e+04 -4.068466386614678498e+01 2.770302246948766811e+00
5.881678295880000223e+04 -4.084605371529398354e+01 2.798364684475724840e+00
5.881764966219999769e+04 -3.980401280471581060e+01 2.766738216847884235e+00
5.881863966600000276e+04 -3.884862196255813416e+01 2.340015919993562399e+00
5.882169272220000130e+04 -3.648150729927070302e+01 2.395598281686426745e+00
5.882565322200000082e+04 -3.141373513338709245e+01 2.250467181924406201e+00
5.882765023710000241e+04 -2.697093819750455523e+01 2.085422732292735226e+00
5.882861999159999687e+04 -2.493414169996334806e+01 2.859385207161509346e+00
5.882978980510000110e+04 -2.220452162814339303e+01 2.460000488113625483e+00
5.883060164909999730e+04 -1.998552223491131485e+01 2.436335111524065677e+00
5.883161148710000271e+04 -1.734069234816322336e+01 2.222178857708253297e+00
5.883762236790000316e+04 8.868461286450683545e+00 2.391766316754137645e+00
5.883864073389999976e+04 1.556429969247441569e+01 2.375896578059013109e+00
5.883957284380000056e+04 2.192007212524169546e+01 2.713633325347055703e+00
5.885271083560000261e+04 -1.420481218462319184e+01 2.317058378662415929e+00
5.885355528390000109e+04 -1.832297457872902058e+01 2.278529541146870674e+00
5.885453051140000025e+04 -2.407098357054798399e+01 2.815083050922571051e+00
5.886054576359999919e+04 -3.974354987295818376e+01 2.897453009510780664e+00
5.886151907200000278e+04 -3.998297093307130012e+01 2.607770207614249269e+00
5.886351051410000218e+04 -4.224311693438813364e+01 2.323902802435129367e+00
5.886450862849999976e+04 -4.093646096037949178e+01 2.250064133018506940e+00
5.886550242040000012e+04 -4.189357918905280798e+01 2.248460949001441556e+00
5.886652367719999893e+04 -4.164837361411451155e+01 2.304871157513670887e+00
5.886749610160000157e+04 -4.162432106355262817e+01 2.345320653835178515e+00
5.887254471349999949e+04 -3.709913604110123941e+01 2.387563713369187379e+00
5.887454740719999972e+04 -3.531650824330566962e+01 2.664774553076938890e+00
5.887554412939999747e+04 -3.333729191350427357e+01 2.854355565290187524e+00
5.887654516690000310e+04 -3.199114404935228251e+01 2.548281037036334240e+00
5.887756738960000075e+04 -2.995488627272745319e+01 2.072943325396455094e+00
5.887852941920000012e+04 -2.790977151059495043e+01 2.483288368309987781e+00
5.887952903769999830e+04 -2.631830030052602964e+01 2.280396247144237609e+00
5.888072028839999984e+04 -2.342685332525962849e+01 2.243415376911341408e+00
5.888153121390000160e+04 -2.149070691261654176e+01 2.436494338490741818e+00
5.888551334409999981e+04 -9.164909971567618996e+00 2.524166203342377734e+00
5.888651149389999773e+04 -3.941676366469173853e+00 2.857799324877628333e+00
5.888750688480000099e+04 1.901312394602487688e+00 2.456396537224537102e+00
5.888880438390000199e+04 7.374636940925515027e+00 2.396569971238335484e+00
5.888976042189999862e+04 1.334842412593999583e+01 2.256983136913834898e+00
5.889052644180000061e+04 1.831447746150374556e+01 2.582662673392807307e+00
5.889153079060000164e+04 2.544014931435405913e+01 2.391343242372813815e+00
5.889250637960000313e+04 3.269667773053873105e+01 2.136115650518926934e+00
5.889351986159999797e+04 4.051727272274219160e+01 2.492800267215237842e+00
5.889549583349999739e+04 5.326470838261402463e+01 2.373717851979184612e+00
5.889648041209999792e+04 5.547184688391428864e+01 2.336917419746889379e+00
5.889749259120000352e+04 5.194055372898390743e+01 2.124586112381205538e+00
5.889848015299999679e+04 4.444544215943580667e+01 2.388763287133644386e+00
5.889948376840000128e+04 3.299497318700674953e+01 2.362998536830321239e+00
5.890146820899999875e+04 1.053884862870329542e+01 2.139961513833207096e+00
5.890151443640000070e+04 1.067045104724659588e+01 1.959918596990514850e+00
5.890155769919999875e+04 1.195029612341481595e+01 1.834632329194389122e+00
5.890158727039999940e+04 1.259326037813774768e+01 1.838994286054671523e+00
5.890161654129999806e+04 1.308215531320994529e+01 1.858166784892191670e+00
5.890164180689999921e+04 1.367248071362057971e+01 1.771557548767267898e+00
5.890167378270000336e+04 1.366217666289353083e+01 2.121350145057069980e+00
5.890169365600000310e+04 1.365613135889785745e+01 2.225312943263521248e+00
