5.878531335309999849e+04 4.828763242863390204e+00 1.417216955090979669e+00
5.878878214119999757e+04 2.706140303090691646e+01 7.548549059263274241e-01
5.880467821479999839e+04 -2.965729959141432204e+01 9.983579506223100308e-01
5.881270611539999663e+04 -4.062587837288673143e+01 1.276972823816610259e+00
5.881569965539999976e+04 -3.974232170358836669e+01 8.506468972114837879e-01
5.881678295880000223e+04 -3.986490372189034304e+01 7.461690854839873044e-01
5.881764966219999769e+04 -3.917795436885569416e+01 1.412438390218307971e+00
5.881863966600000276e+04 -3.868483360908430058e+01 1.108711165328691850e+00
5.882169272220000130e+04 -3.566382655595751316e+01 7.077829146938142690e-01
5.882565322200000082e+04 -2.968037807661313465e+01 1.167709855502935934e+00
5.882765023710000241e+04 -2.640409125904731624e+01 5.478603318376571440e-01
5.882861999159999687e+04 -2.415391980201029298e+01 7.725489676006638273e-01
5.882978980510000110e+04 -2.087885168189078655e+01 1.064139537412005732e+00
5.883060164909999730e+04 -1.908462720632230614e+01 7.222242392234337061e-01
5.883161148710000271e+04 -1.608517260514133085e+01 6.388223319953906243e-01
5.883260533389999910e+04 -1.329510093955915373e+01 1.241078199049818531e+00
5.883762236790000316e+04 1.012559012946917747e+01 1.327563115486358969e+00
5.883864073389999976e+04 1.619873258441414876e+01 7.422885510911206852e-01
5.883957284380000056e+04 2.249540503296848470e+01 1.095467747325241881e+00
5.885271083560000261e+04 -1.288233791957858010e+01 9.871479524259222371e-01
5.885355528390000109e+04 -1.805549405876264046e+01 1.198166129223454224e+00
5.885453051140000025e+04 -2.307888533539467701e+01 1.013994523169483797e+00
5.886054576359999919e+04 -3.805183995040459877e+01 8.715111890817299756e-01
5.886151907200000278e+04 -3.892667779177217113e+01 8.832842131398114249e-01
5.886351051410000218e+04 -4.014134366088630657e+01 8.677219599096853697e-01
5.886450862849999976e+04 -4.059061492883468247e+01 7.621321981913837806e-01
5.886550242040000012e+04 -4.101698402401668631e+01 9.223177021499651129e-01
5.886652367719999893e+04 -4.081892599321063386e+01 1.024399504620446155e+00
5.886749610160000157e+04 -4.004741935815219023e+01 9.547785070163168353e-01
5.887254471349999949e+04 -3.622184776772871828e+01 1.533768294885112571e+00
5.887454740719999972e+04 -3.406131814294188587e+01 7.927367356204950699e-01
5.887554412939999747e+04 -3.204185094631633746e+01 1.646424074660547854e+00
5.887654516690000310e+04 -3.125830750614672482e+01 8.931376979533994787e-01
5.887756738960000075e+04 -2.941238405923778032e+01 1.028820684464258006e+00
5.887852941920000012e+04 -2.767990330594843584e+01 4.292515213602151603e-01
5.887952903769999830e+04 -2.523599823880405069e+01 9.354105743798271089e-01
5.888072028839999984e+04 -2.267310795509738952e+01 1.021573653494415312e+00
5.888153121390000160e+04 -2.046869673779559662e+01 1.089163795859714234e+00
5.888551334409999981e+04 -6.993155684094963576e+00 1.357782072335917967e+00
5.888651149389999773e+04 -3.727658010554750767e+00 9.879916392976163531e-01
5.888750688480000099e+04 1.974833609582528071e+00 1.465615178407122965e+00
5.888880438390000199e+04 8.347464234652248294e+00 9.617573304069365614e-01
5.888976042189999862e+04 1.403352581141541933e+01 6.818825336821187078e-01
5.889052644180000061e+04 1.902318355669483907e+01 5.889966952507221798e-01
5.889153079060000164e+04 2.631394782918181363e+01 1.290283859048405590e+00
5.889250637960000313e+04 3.420620059276525637e+01 1.013578379059248746e+00
5.889351986159999797e+04 4.180587572470854241e+01 1.042402985387258285e+00
5.889549583349999739e+04 5.412035324039108275e+01 7.421895511801833711e-01
5.889648041209999792e+04 5.645820254350930867e+01 1.037563761177399124e+00
5.889749259120000352e+04 5.345917686845317718e+01 6.940720868710555935e-01
5.889848015299999679e+04 4.554343068746332790e+01 8.322554957421566257e-01
5.889948376840000128e+04 3.384329926809417799e+01 9.663657697914119771e-01
5.890146820899999875e+04 1.165913221338997019e+01 8.634554740681811280e-01
5.890151443640000070e+04 1.111610715066511901e+01 7.148892625090147446e-01
5.890155769919999875e+04 1.084917103101596147e+01 7.086900574107318773e-01
5.890158727039999940e+04 1.102848046118477576e+01 1.195245462999522168e+00
5.890161654129999806e+04 1.055776740299705807e+01 7.520700488712031007e-01
5.890164180689999921e+04 9.778403058683144522e+00 7.516006347202300875e-01
5.890167378270000336e+04 8.854547858285730655e+00 5.815143456064435501e-01
5.890169365600000310e+04 8.780139221490331991e+00 6.348087582981735144e-01
5.890178470950000337e+04 6.690858637542378418e+00 1.866164694649547373e+00
