5.878531335309999849e+04 -3.572691395745670739e+00
5.878878214119999757e+04 -4.335671934418362383e+01
5.880467821479999839e+04 6.284250949561995014e+01
5.881270611539999663e+04 8.368426047435089288e+01
5.881569965539999976e+04 7.998828118411097421e+01
5.881678295880000223e+04 8.089357386878407397e+01
5.881764966219999769e+04 7.980978225103800128e+01
5.881863966600000276e+04 7.899123485327014293e+01
5.882169272220000130e+04 7.239450689142370265e+01
5.882565322200000082e+04 6.240822267222856823e+01
5.882765023710000241e+04 5.592709246829373626e+01
5.882861999159999687e+04 5.168120200461689961e+01
5.882978980510000110e+04 4.260856624722735120e+01
5.883060164909999730e+04 3.878322438859640897e+01
5.883161148710000271e+04 3.392735344214184323e+01
5.883260533389999910e+04 3.018505513377803595e+01
5.883762236790000316e+04 -1.178491067363567701e+01
5.883864073389999976e+04 -2.289078852101967954e+01
5.883957284380000056e+04 -3.504608579811500135e+01
5.885271083560000261e+04 2.919701350405683371e+01
5.885355528390000109e+04 3.900401392538633871e+01
5.885453051140000025e+04 4.779051196526916812e+01
5.886054576359999919e+04 7.514417061124575525e+01
5.886151907200000278e+04 7.603881290045121943e+01
5.886351051410000218e+04 7.715655003119054811e+01
5.886450862849999976e+04 8.016853675765301546e+01
5.886550242040000012e+04 7.952977779795489255e+01
5.886652367719999893e+04 7.994441285212182891e+01
5.886749610160000157e+04 7.896571977966641498e+01
5.887254471349999949e+04 7.142480320648444092e+01
5.887454740719999972e+04 6.523828137720651910e+01
5.887554412939999747e+04 6.183856224438569171e+01
5.887654516690000310e+04 5.960477603914046796e+01
5.887756738960000075e+04 5.481580177712174162e+01
5.887852941920000012e+04 5.344042973283264786e+01
5.887952903769999830e+04 4.809952808463755503e+01
5.888072028839999984e+04 4.136217494455266319e+01
5.888153121390000160e+04 4.022822802461187308e+01
5.888551334409999981e+04 1.443992894245541869e+01
5.888651149389999773e+04 7.972002159408968502e+00
5.888750688480000099e+04 -2.411073255488521472e+00
5.888880438390000199e+04 -1.473031450124209840e+01
5.888976042189999862e+04 -2.681613798271532545e+01
5.889052644180000061e+04 -3.639917595731783706e+01
5.889153079060000164e+04 -4.905453745008973954e+01
5.889250637960000313e+04 -6.328351743912426031e+01
5.889351986159999797e+04 -7.951005830832717436e+01
5.889549583349999739e+04 -1.008252527989435379e+02
5.889648041209999792e+04 -1.059132690820109985e+02
5.889749259120000352e+04 -9.983941823266114568e+01
5.889848015299999679e+04 -8.591373337018127643e+01
5.889948376840000128e+04 -6.539106288402193456e+01
5.890146820899999875e+04 -2.478706560726703145e+01
5.890151443640000070e+04 -2.370423249923806708e+01
5.890155769919999875e+04 -2.238234282186888890e+01
5.890158727039999940e+04 -2.342208347348876885e+01
5.890161654129999806e+04 -2.309417033266765529e+01
5.890164180689999921e+04 -2.097927079425307895e+01
5.890167378270000336e+04 -6.584124838880727282e+01
5.890169365600000310e+04 -1.769412758469593072e+01
5.890178470950000337e+04 9.139575361920842056e+01
