-1.961067430052864779e-03 2.137924487331439773e-03
-3.759737753270893379e-02 2.195573670594234365e-03
5.838944694054422346e-02 2.097929071394304210e-03
7.876338910832793305e-02 2.077283612233996653e-03
7.731934327450751265e-02 2.124168157047343942e-03
7.735099215596194511e-02 2.102120541550053789e-03
7.654559772197933043e-02 2.092415851415199875e-03
7.499862062845134847e-02 2.102578904981070029e-03
7.081573886406315743e-02 2.118890432968428047e-03
6.100251671659840530e-02 3.160370757964036607e-03
5.397298989246628043e-02 2.112843283866040148e-03
5.053326155267747616e-02 2.116728919734022895e-03
4.578060816373367287e-02 2.115085040035387387e-03
4.243439857352648836e-02 2.108469775062841133e-03
3.710887000331712648e-02 2.094107915262661233e-03
-7.443651397061574505e-03 2.113267968510479985e-03
-1.797161236333174109e-02 2.126445045018117083e-03
-2.901754409803473239e-02 2.131873449147968225e-03
2.837297859831836022e-02 2.107708862792995706e-03
3.627559156401940349e-02 2.106064118015474936e-03
4.565774942040794204e-02 2.108479289050681302e-03
6.888084293723116536e-02 2.125302289826699453e-03
7.080518588194205376e-02 2.092348976839780023e-03
7.199156887353014289e-02 2.137202268527514833e-03
7.208108780743259503e-02 2.111969142858440788e-03
7.139477954267203774e-02 2.135527218373770367e-03
7.179206643270352739e-02 2.118190235500650928e-03
7.041557732208630904e-02 2.100637177021487563e-03
6.277498327074153284e-02 2.109093804683985496e-03
5.806949971353807943e-02 2.096705254468753717e-03
5.501209645037622581e-02 2.126707464383367080e-03
5.246511338024356652e-02 2.106246201898909470e-03
4.919183419413982600e-02 2.132511449928473513e-03
4.601211109635653523e-02 2.131064995525425339e-03
4.178724772103732665e-02 2.137165406329169862e-03
3.675832704789807476e-02 2.110538315752425852e-03
3.351896572835338928e-02 2.108668934848623167e-03
9.570860431982512739e-03 2.141216634668838791e-03
1.352335390794180735e-03 2.313079023006502522e-03
-5.662120644280045634e-03 2.150061086354690745e-03
-1.767402120529781503e-02 2.089672186896715002e-03
-2.716186419404322330e-02 2.124506844354061459e-03
-3.619735265091086895e-02 2.120509222506861483e-03
-4.833699561672395728e-02 2.104537198651510680e-03
-6.041398418770409923e-02 2.166853358832241099e-03
-7.548149936454637277e-02 2.133544926840935836e-03
-9.727272130490020874e-02 2.172328206783777881e-03
-1.009849942315946270e-01 2.179912815729268850e-03
-9.623378119998725333e-02 2.199278081703256831e-03
-8.298971895753592953e-02 2.134548232076447904e-03
-6.428907852335559447e-02 2.130442065726487373e-03
-2.703424008149472521e-02 2.112374812700125275e-03
-2.640304320307966524e-02 2.110556290699221182e-03
-2.552499230239713840e-02 2.148066178390209847e-03
-2.540132098314562895e-02 2.168179814958866997e-03
-2.450595640053464946e-02 2.161783475239199143e-03
-2.326889412913000013e-02 2.217849883952074767e-03
-2.242128074538760757e-02 2.209182544894252188e-03
-2.127001618392808727e-02 2.285150355333673191e-03
