1.683352170532145692e+03 9.998690300521887453e-01 4.607676601153798401e-05
1.688000662427770521e+03 9.998899947045084557e-01 4.617532977135851979e-05
1.688028439538055636e+03 9.999740121865767772e-01 4.616827573045156896e-05
1.688057605504272715e+03 9.996148458967580863e-01 4.616769729182124138e-05
1.688086771471190559e+03 9.999472186582718525e-01 4.616759906639344990e-05
1.688114548582987709e+03 1.000017915947642999e+00 4.616982914740219712e-05
1.688142325695251884e+03 9.997964893265013364e-01 4.616565638571046293e-05
1.688170102807980811e+03 9.999485293089349636e-01 4.617048034560866654e-05
1.688202046488394217e+03 1.000124783453209210e+00 4.617916420102119446e-05
1.688229823602171791e+03 9.997522567357127743e-01 4.617044760379940271e-05
1.688257600716530078e+03 1.000155744101739463e+00 4.616780643118545413e-05
1.688290933254507308e+03 9.993255078506676492e-01 4.615271245711483061e-05
1.688325654648882619e+03 9.998760867268962071e-01 4.615835132426582277e-05
1.688353431764871175e+03 9.998698474439713380e-01 4.615817306330427527e-05
1.688381208881442717e+03 1.000033770827325919e+00 4.615874422597698867e-05
1.688408985998595426e+03 9.992940602934101690e-01 4.614514909917488694e-05
1.688438151972032074e+03 9.999987110442163374e-01 4.615769285010173917e-05
1.688467317945933473e+03 9.999773336837824989e-01 4.615908255800604820e-05
1.688495095064599582e+03 9.999472380932966642e-01 4.617518789018504322e-05
1.688522872183732943e+03 1.000134224026608010e+00 4.617106969817541540e-05
1.688552038159263475e+03 9.998525824081898605e-01 4.617064041667617857e-05
1.688581204135377220e+03 9.999889975953625276e-01 4.617786180460825562e-05
1.688608981256022844e+03 9.996951288021952431e-01 4.616813021129928529e-05
1.688636758377134583e+03 9.996721168319976369e-01 4.617073136614635587e-05
1.688668702066976721e+03 1.000011438999488078e+00 4.618645834852941334e-05
1.688697868045302357e+03 9.998751398178769012e-01 4.618620732799172401e-05
1.688725645168043457e+03 1.000065590865300891e+00 4.619114770321175456e-05
1.688753422291249763e+03 1.000138423429642431e+00 4.619195897248573601e-05
1.688781199414922639e+03 1.000116292617390101e+00 4.619046012521721423e-05
1.688810365395343752e+03 9.998978771878805905e-01 4.618181264959275723e-05
1.688838142520063002e+03 1.000031844965354910e+00 4.618797174771316350e-05
1.688865919645250187e+03 1.000038536078109219e+00 4.619353421730920672e-05
1.688895085627299750e+03 1.000131534301356373e+00 4.619094033841975033e-05
1.688922862753418030e+03 1.000166024542919807e+00 4.619522223947569728e-05
1.688950639880116114e+03 1.000112765013598581e+00 4.618840102921240032e-05
1.688978417007398775e+03 1.000215116976521657e+00 4.618298407876864076e-05
1.689008971847827297e+03 1.000208739391999391e+00 4.617872764356434345e-05
1.689038137832555321e+03 1.000207226841979713e+00 4.618365710484795272e-05
1.689065914961234057e+03 1.000100224994986631e+00 4.617647209670394659e-05
1.689093692090493505e+03 9.999944233422554118e-01 4.617807644535787404e-05
1.689125635789766193e+03 1.000059418890190344e+00 4.617681042873300612e-05
1.689153412920075198e+03 1.000092483835351986e+00 4.618272578227333724e-05
1.689181190050848727e+03 9.999574336824577081e-01 4.618203092832118273e-05
1.689210356038719738e+03 1.000053028499892527e+00 4.617615923052653670e-05
1.689240910883805782e+03 1.000084995290095646e+00 4.617663216777145863e-05
1.689268688016092028e+03 1.000045535510697858e+00 4.617150625563226640e-05
1.689296465148962625e+03 1.000106300321512931e+00 4.616808655555360019e-05
1.689327019995676665e+03 9.997667532023878367e-01 4.615800207830034196e-05
1.689356185986226365e+03 1.000106044404625028e+00 4.616232763510197401e-05
1.689383963120725866e+03 9.999555455671362836e-01 4.615617217496037483e-05
1.689411740255573250e+03 9.996419991806351213e-01 4.614865974872373044e-05
1.689443683961248325e+03 1.000121847385054163e+00 4.615929719875566661e-05
1.689471461097262136e+03 9.999649903713343502e-01 4.616004662238992751e-05
1.689499238233739788e+03 9.999373312160871885e-01 4.616570004145614803e-05
1.689527015370684012e+03 9.998179269326420426e-01 4.616311707650311291e-05
1.689556181364957183e+03 9.999929601335144635e-01 4.618063030648045242e-05
1.689583958502950054e+03 1.000204028511054277e+00 4.619244282366707921e-05
1.689611735641290352e+03 1.000205189519578042e+00 4.619362152880057693e-05
1.689639512780330051e+03 9.998740486265407235e-01 4.619062019628472626e-05
1.689668678776699608e+03 1.000048928115380154e+00 4.618489401764236391e-05
1.689696455916670629e+03 1.000048914669868116e+00 4.619505853042937815e-05
1.689724233057107313e+03 9.995368529278734204e-01 4.617703962139785290e-05
1.689752010198008975e+03 1.000188170927000630e+00 4.619621540769003332e-05
1.689779787339376298e+03 1.000061189176491228e+00 4.619608807843178511e-05
1.689807564481326381e+03 9.999836953227192460e-01 4.618876846507191658e-05
1.689835341623741215e+03 1.000194158544609024e+00 4.619363244273699820e-05
1.689864507623836971e+03 1.000177527735595984e+00 4.618899038177914917e-05
1.689892284767184037e+03 1.000001681350339178e+00 4.618830644176341593e-05
1.689920061911112271e+03 1.000118382076402801e+00 4.618749881046824157e-05
1.689950616769935323e+03 1.000133646719429725e+00 4.618963430402800441e-05
1.689979782772125645e+03 9.995408372696307220e-01 4.617141894414089620e-05
1.690007559917684603e+03 1.000374986884262185e+00 4.619077299139462411e-05
1.690035337063591896e+03 1.000313630854291258e+00 4.619358878699131310e-05
1.690063114210082176e+03 1.000080224316080013e+00 4.619142055162228644e-05
1.690090891356920793e+03 1.000322805815645699e+00 4.618923048838041723e-05
1.690118668504458810e+03 1.000105564634396371e+00 4.619078754330985248e-05
1.690146445652346074e+03 1.000097226330791456e+00 4.619390892912633717e-05
1.690174222800698999e+03 1.000176112130799488e+00 4.619977698894217610e-05
1.690201999949633546e+03 1.000027503276545104e+00 4.618097955244593322e-05
1.690229777099034209e+03 1.000432264258336978e+00 4.619253013515844941e-05
1.690257554248899169e+03 1.000362000359608317e+00 4.618754610419273376e-05
1.690285331399348024e+03 9.999521617955524633e-01 4.617769445758312941e-05
1.690313108550261404e+03 1.000293263317034276e+00 4.617299418896436691e-05
1.690340885701525394e+03 1.000213233903687549e+00 4.616802470991387963e-05
1.690368662853485830e+03 1.000388249713476396e+00 4.617252852767705917e-05
1.690396440005797331e+03 1.000096527743653541e+00 4.616180376615375280e-05
1.690424217158689089e+03 1.000061758552003077e+00 4.616359001374803483e-05
1.690451994311932367e+03 1.000162979079541214e+00 4.617389640770852566e-05
1.690479771465872318e+03 1.000439238234920758e+00 4.618240927811712027e-05
1.690507548620163334e+03 9.999583656959428746e-01 4.618413731805048883e-05
1.690535325774918192e+03 1.000088808313542854e+00 4.617657032213173807e-05
1.690563102930256036e+03 1.000314164080411850e+00 4.618605089490301907e-05
1.690590880086058633e+03 1.000251811746749153e+00 4.618947423296049237e-05
1.690618657242444215e+03 1.000285326318507417e+00 4.619326136889867485e-05
1.690646434399178588e+03 1.000151678116619092e+00 4.619325773091986775e-05
1.690674211556495948e+03 9.999566870550850028e-01 4.619432729668915272e-05
1.690701988714278059e+03 1.000265341712616829e+00 4.620006438926793635e-05
1.690729765872526741e+03 1.000354072472822820e+00 4.620509207597933710e-05
1.690757543031239265e+03 1.000348372756214133e+00 4.620687832357361913e-05
1.690785320190535913e+03 1.000247765610624784e+00 4.620292020263150334e-05
1.690813097350295948e+03 9.998748911245065596e-01 4.619727769750170410e-05
1.690840874510524145e+03 1.000234828316948210e+00 4.621016341843642294e-05
1.690868651671332600e+03 1.000433146614628788e+00 4.621019616024568677e-05
1.690896428832492120e+03 1.000167469966168898e+00 4.620160689228214324e-05
1.690924205994231897e+03 1.000257707352446124e+00 4.620385152520611882e-05
1.690951983156437791e+03 1.000324278888905516e+00 4.620972686097957194e-05
1.690979760319226216e+03 1.000356751590935511e+00 4.620455729309469461e-05
1.691007537482362977e+03 1.000326867092726779e+00 4.620146864908747375e-05
1.691035314646082725e+03 1.000268487625719294e+00 4.620033359969966114e-05
1.691063091810268133e+03 1.000230260327587217e+00 4.619962783181108534e-05
1.691090868974919204e+03 1.000291594491611979e+00 4.619820902007631958e-05
1.691118646140152350e+03 1.000300825250607373e+00 4.620543040800839663e-05
1.691146423305851158e+03 1.000304811229892232e+00 4.620119943865574896e-05
1.691174200472014718e+03 1.000287098170503208e+00 4.620142499334178865e-05
1.691201977638644848e+03 1.000258059299391045e+00 4.619936589733697474e-05
1.691229754805856601e+03 1.000389032647893250e+00 4.620293475454673171e-05
1.691257531973418054e+03 1.000345688239138608e+00 4.619805622496642172e-05
1.691285309141561356e+03 1.000287440816613360e+00 4.619163155439309776e-05
1.691313086310286735e+03 1.000160218090291764e+00 4.618404636858031154e-05
1.691340863479361133e+03 1.000196286117840838e+00 4.619317041942849755e-05
1.691368640649018516e+03 1.000226691454561667e+00 4.618081948137842119e-05
1.691396417819139742e+03 1.000358147624345051e+00 4.618697494152002037e-05
1.691424194989728903e+03 1.000564244381710655e+00 4.618620369001291692e-05
1.691451972160898322e+03 1.000449127976527519e+00 4.619404717232100666e-05
1.691479749332534311e+03 1.000029968058102181e+00 4.618734965333715081e-05
1.691507526504635507e+03 1.000442339634080469e+00 4.619614992407150567e-05
1.691535303677203274e+03 1.000347256043244482e+00 4.619787432602606714e-05
1.691563080850235337e+03 1.000322997240739253e+00 4.620348045136779547e-05
1.691590858023851297e+03 1.000480449734014732e+00 4.621166590368375182e-05
1.691618635197931098e+03 1.000370939958102223e+00 4.621704283636063337e-05
1.691646412372477471e+03 1.000158890120646182e+00 4.620684194378554821e-05
1.691674189547605465e+03 1.000422221867182992e+00 4.622219057637266815e-05
1.691701966723200030e+03 1.000329762771837716e+00 4.621782863978296518e-05
1.691729743899258438e+03 1.000224903461687020e+00 4.621811604010872543e-05
1.691760298793471748e+03 9.997189276604794284e-01 4.622050619218498468e-05
1.691790853688267134e+03 9.999328196923029655e-01 4.622117194230668247e-05
1.691818630865955811e+03 1.000271803850137919e+00 4.622941560228355229e-05
1.691850574620875022e+03 1.000103664670745296e+00 4.622156848199665546e-05
1.691879740658572018e+03 1.000014295674004350e+00 4.622339474735781550e-05
1.691907517837775003e+03 1.000418260166685558e+00 4.623020504368469119e-05
1.691936683876520192e+03 1.000199761079278327e+00 4.622850246960297227e-05
1.691964461056771597e+03 1.000012688009571660e+00 4.623579661711119115e-05
1.691995015955639929e+03 1.000359758764966633e+00 4.623005224857479334e-05
1.692022793136938390e+03 9.999826274741885346e-01 4.621834159479476511e-05
1.692050570318702512e+03 1.000151938393788908e+00 4.622789856512099504e-05
1.692079736360124798e+03 1.000160573521387875e+00 4.622401684173382819e-05
1.692110291261206612e+03 9.999603627840522035e-01 4.622562846634536982e-05
1.692138068444599639e+03 1.000068146627902888e+00 4.621631887857802212e-05
1.692168623346844925e+03 9.999704734760899161e-01 4.621966945705935359e-05
1.692196400531170866e+03 9.999854920543053138e-01 4.621803600457496941e-05
1.692224177716193708e+03 1.000030973288050795e+00 4.621222979039885104e-05
1.692251954901451199e+03 1.000149721533977853e+00 4.621842163032852113e-05
1.692279732087404909e+03 1.000348473316958753e+00 4.622221240424551070e-05
1.692307509273826099e+03 1.000082694278769502e+00 4.620437175617553294e-05
1.692335286460712041e+03 1.000007626002663352e+00 4.620382969733327627e-05
1.692363063648064553e+03 1.000117902862086572e+00 4.622496271622367203e-05
1.692390840835880908e+03 1.000124624812835927e+00 4.620046092895790935e-05
1.692428340040378316e+03 1.000088948905845987e+00 4.619832179741933942e-05
1.692457506088786204e+03 1.000104122395506279e+00 4.620497202267870307e-05
1.692485283278465658e+03 1.000076261059660965e+00 4.620990875991992652e-05
1.692514449328037927e+03 1.000173820008578129e+00 4.620751133188605309e-05
1.692542226518415873e+03 1.000286410246017832e+00 4.621325206244364381e-05
1.692572781428810913e+03 1.000038837066439479e+00 4.621308471541851759e-05
1.692601947480012541e+03 1.000235530816985463e+00 4.623583663487806916e-05
1.692629724672020757e+03 1.000200505098599812e+00 4.622849883162416518e-05
1.692661668443703320e+03 1.000094561718371189e+00 4.623703352990560234e-05
1.692689445636877053e+03 1.000263954580703052e+00 4.623375571100041270e-05
1.692717222830514629e+03 9.997050758848967655e-01 4.623235145118087530e-05
1.692745000024852516e+03 9.999434397515446493e-01 4.623234417522326112e-05
1.692774166079312408e+03 1.000170999415378237e+00 4.624549910658970475e-05
1.692801943274581618e+03 1.000271764340390446e+00 4.625667497748509049e-05
1.692831109329973287e+03 9.998688796520899258e-01 4.623911081580445170e-05
1.692860275386064814e+03 1.000142931253813705e+00 4.625516885425895452e-05
1.692888052582730552e+03 1.000076763381483325e+00 4.626004374586045742e-05
1.692918607499876316e+03 9.998914565178614877e-01 4.624975917977280915e-05
1.692946384697705753e+03 9.999489262781432464e-01 4.625817382475361228e-05
1.692974161896000851e+03 1.000159784810925379e+00 4.626413283403962851e-05
1.693001939094761610e+03 1.000173729113247312e+00 4.626081499736756086e-05
1.693032494014003305e+03 9.998681045818064161e-01 4.624535358743742108e-05
1.693060271213927763e+03 1.000079847978925685e+00 4.625664223567582667e-05
1.693089437274210468e+03 9.997770908838635728e-01 4.624341454473324120e-05
1.693119992195315035e+03 9.999294245865671948e-01 4.624536450137384236e-05
1.693147769396636022e+03 1.000263131771848890e+00 4.625009751180186868e-05
1.693175546598424489e+03 9.999897084973694561e-01 4.624193752533756196e-05
1.693203323800909629e+03 9.999762067442773406e-01 4.624639404937624931e-05
1.693231101003862250e+03 1.000159731645248851e+00 4.624727080226875842e-05
1.693258878207278713e+03 1.000045174402650838e+00 4.624347275239415467e-05
1.693286655411162428e+03 9.999023558983574089e-01 4.624366920324973762e-05
1.693314432615510441e+03 9.997984033714782948e-01 4.623805943992920220e-05
1.693342209820325252e+03 1.000132682131910089e+00 4.623773202183656394e-05
1.693371375885961470e+03 1.000045996414779648e+00 4.623622953658923507e-05
1.693399153091940434e+03 9.997780302212547765e-01 4.622228516382165253e-05
1.693426930298384150e+03 9.997396401950752187e-01 4.622307824320159853e-05
1.693454707505293982e+03 9.999642704344925415e-01 4.622645064955577254e-05
1.693482484712668565e+03 9.997210932041807885e-01 4.622108099283650517e-05
1.693510261920510175e+03 9.998760249749129025e-01 4.622824417310766876e-05
1.693538039128816536e+03 9.999185773966311475e-01 4.623878703569062054e-05
1.693567205198179863e+03 9.997636036873802645e-01 4.623792847269214690e-05
1.693594982407649923e+03 9.998193228978229374e-01 4.624830398824997246e-05
1.693622759617354632e+03 9.998415936848640273e-01 4.625384462997317314e-05
1.693650536827756014e+03 9.999715854636548329e-01 4.626726149581372738e-05
1.693678314038624876e+03 9.997819149180231513e-01 4.626979352906346321e-05
1.693706091249957581e+03 9.998802423961143937e-01 4.627101225196383893e-05
1.693733868461757538e+03 9.998055615964281939e-01 4.627568705473095179e-05
1.693761645674254623e+03 9.994286264855716251e-01 4.626417285180650651e-05
1.693789422886985676e+03 9.997149678359272817e-01 4.627708040061406791e-05
1.693817200100414311e+03 9.999146834511613013e-01 4.628108945325948298e-05
1.693844977314076687e+03 9.998767677536410936e-01 4.628439273801632226e-05
1.693872754528435735e+03 9.998891628713844071e-01 4.628960232366807759e-05
1.693900531743262718e+03 9.997610998002507410e-01 4.629442628356628120e-05
1.693928308958553544e+03 9.999902468416435042e-01 4.630445982911624014e-05
1.693956086174311622e+03 9.996973980243499813e-01 4.629882096196524799e-05
1.693983863390533998e+03 9.997965743712081688e-01 4.629589966498315334e-05
1.694011640607223171e+03 9.998299307141124137e-01 4.629367685993202031e-05
1.694039417824609927e+03 9.998560687949276105e-01 4.629422983271069825e-05
1.694067195042230423e+03 9.998515598255280912e-01 4.628196256817318499e-05
1.694096361121370819e+03 9.998878621782231191e-01 4.628571332432329655e-05
1.694124138339922638e+03 9.999439716825609947e-01 4.627955058822408319e-05
1.694151915559172039e+03 9.998406058470431512e-01 4.628220267477445304e-05
1.694179692778888011e+03 9.999149475296044143e-01 4.629761315300129354e-05
1.694207469999068508e+03 9.997408086770538382e-01 4.628536044037900865e-05
1.694235247219716030e+03 9.996025530943677406e-01 4.628638998838141561e-05
1.694263024440827621e+03 9.996757467834941346e-01 4.629065006156452000e-05
1.694290801662406693e+03 1.000310269536482055e+00 4.629515024134889245e-05
1.694318578884449607e+03 9.997617880671539892e-01 4.628574242815375328e-05
1.694346356106960002e+03 9.996415751936365002e-01 4.627830276149325073e-05
1.694374133329934239e+03 9.998025008179917128e-01 4.627963062375783920e-05
1.694401910553375956e+03 9.997362884145928330e-01 4.626888403436169028e-05
1.694429687777281515e+03 9.999305277837523542e-01 4.627041926141828299e-05
1.694458853862942988e+03 9.996846616783285899e-01 4.627139423973858356e-05
1.694486631088012700e+03 9.998841358069541219e-01 4.628254464478231966e-05
1.694514408313317062e+03 9.996952739252316089e-01 4.626638474292121828e-05
1.694542185539085267e+03 9.997255502934385696e-01 4.628013630281202495e-05
1.694569962765320952e+03 9.999158864207717823e-01 4.628557871910743415e-05
1.694597739992253310e+03 9.996598223417009210e-01 4.628996975952759385e-05
1.694625517219420317e+03 9.998909234140398450e-01 4.629670002032071352e-05
1.694653294447051167e+03 9.996759822980292309e-01 4.630157127394340932e-05
1.694682460536670760e+03 9.995690314159709766e-01 4.630365219782106578e-05
1.694710237765232932e+03 9.997421097541357993e-01 4.630586772691458464e-05
1.694738014994262585e+03 9.997988742474641644e-01 4.631356569007039070e-05
1.694765792223756080e+03 9.998807305165620107e-01 4.631010597222484648e-05
1.694793569453717055e+03 9.997511880905525228e-01 4.631393676390871406e-05
1.694821346683909042e+03 9.997575606847055596e-01 4.631388583220541477e-05
1.694851901637842502e+03 9.998427419111709513e-01 4.631500269169919193e-05
1.694879678869200461e+03 9.997867453327208276e-01 4.631909541785717010e-05
1.694907456100790341e+03 9.997401022346871224e-01 4.632422496797516942e-05
1.694935233332846337e+03 9.997961088676956543e-01 4.632940544979646802e-05
1.694963010565367085e+03 9.998376230911824036e-01 4.632875061361119151e-05
1.694990787798354404e+03 9.998801445831433377e-01 4.632491254596970975e-05
1.695018565031806475e+03 9.998928527954544787e-01 4.632767377188429236e-05
1.695046342265491830e+03 9.998261488087217819e-01 4.631736373994499445e-05
1.695074119499642848e+03 9.996404489881295374e-01 4.630518742487765849e-05
1.695101896734026468e+03 9.997173429765867647e-01 4.630347757483832538e-05
1.695129673968875977e+03 9.997964363061614401e-01 4.630184776033274829e-05
1.695157451204191830e+03 9.998261032469295539e-01 4.629552131518721581e-05
1.695185228439972661e+03 9.997431530959999257e-01 4.629359682439826429e-05
1.695213005675986324e+03 1.000019549203543523e+00 4.630483817891217768e-05
1.695240782912232817e+03 9.995431944427892734e-01 4.628501119441352785e-05
1.695268560148944971e+03 9.999664659234893671e-01 4.630156036000698805e-05
1.695296337385889956e+03 9.996421140378950465e-01 4.629112299880944192e-05
1.695324114623300602e+03 9.998670966622059675e-01 4.629417890100739896e-05
1.695351891860944079e+03 1.000032876067968646e+00 4.629889735952019691e-05
1.695379669098820159e+03 9.998157501852419360e-01 4.628531314665451646e-05
1.695407446337161900e+03 9.997971909742926488e-01 4.629473551176488400e-05
1.695435223575503414e+03 1.000064949189637398e+00 4.628275200957432389e-05
1.695463000814311499e+03 9.998429156033988852e-01 4.627119778888300061e-05
1.695490778053351505e+03 9.997409372424497231e-01 4.627765156328678131e-05
1.695518555292625251e+03 9.999462000701148101e-01 4.628178794519044459e-05
1.695546332531898088e+03 9.999908573732536610e-01 4.629275645129382610e-05
1.695574109771638405e+03 9.998666828222512182e-01 4.629863906302489340e-05
1.695601887011376448e+03 9.999275414458497213e-01 4.631397314369678497e-05
1.695629664251349141e+03 9.999522675477674483e-01 4.632168929674662650e-05
1.695657441491320014e+03 9.998882823076692405e-01 4.633136268239468336e-05
1.695685218731525310e+03 9.986100888323912184e-01 4.631310366676189005e-05
1.695712995971729697e+03 9.929561065569025846e-01 4.619970422936603427e-05
1.695740773211935220e+03 9.848970949607535053e-01 4.603153138305060565e-05
1.695768550452138925e+03 9.755667211456972021e-01 4.582780093187466264e-05
1.695796327692344448e+03 9.654674066498203366e-01 4.559148874250240624e-05
1.695824104932548153e+03 9.546705697697259740e-01 4.536000778898596764e-05
1.695851882172520845e+03 9.443450428164721355e-01 4.510756480158306658e-05
1.695879659412491719e+03 9.350519608295561058e-01 4.488800914259627461e-05
1.695907436652231581e+03 9.264427653575968424e-01 4.467785402084700763e-05
1.695935213891736794e+03 9.192810349626240329e-01 4.450421329238452017e-05
1.695962991130777709e+03 9.140084369741171555e-01 4.434368383954279125e-05
1.695990768369585339e+03 9.105894973399164538e-01 4.422361234901472926e-05
1.696018545607928218e+03 9.095395031219060122e-01 4.417508898768573999e-05
1.696046322846036446e+03 9.104307878114386021e-01 4.414184513734653592e-05
1.696074100083448457e+03 9.137575343836563668e-01 4.417587479110807180e-05
1.696101877320160156e+03 9.187991409711994129e-01 4.426494706422090530e-05
1.696131043417927913e+03 9.261420303926818365e-01 4.443643774720840156e-05
1.696158820653242401e+03 9.348005251277863303e-01 4.462883225642144680e-05
1.696186597887860444e+03 9.443186674226270449e-01 4.484103192226029932e-05
1.696214375121312287e+03 9.545295404586677801e-01 4.507979610934853554e-05
1.696242152353833944e+03 9.652042312646824662e-01 4.531651211436837912e-05
1.696269929585423370e+03 9.755643823439181794e-01 4.554630504571832716e-05
1.696299095677138439e+03 9.853498025929320336e-01 4.576344872475601733e-05
1.696326872906166273e+03 9.931596386012896405e-01 4.595362406689673662e-05
1.696354650134031772e+03 9.988341513501063362e-01 4.606514630722813308e-05
1.696382427360265638e+03 1.000061774202956277e+00 4.608823655871674418e-05
1.697342130138297534e+03 9.999731069453655641e-01 4.609463212545961142e-05
1.704360066671031518e+03 1.000271389839660241e+00 4.618281309376470745e-05
1.712518302131734572e+03 9.998876189891042765e-01 4.583568079397082329e-05
1.719526585515275201e+03 1.000159389099426033e+00 4.595986320055089891e-05
1.729009901964689789e+03 9.997724055481608252e-01 4.587068906403146684e-05
1.734000197330279207e+03 9.999468353007033850e-01 4.599263775162398815e-05
1.734027975260347603e+03 9.998048643796023649e-01 4.599083695211447775e-05
1.734055753190881660e+03 9.999865001807601850e-01 4.599455496645532548e-05
1.734083531122113982e+03 9.999940239154094801e-01 4.599962267093360424e-05
1.734111309053813557e+03 9.998894123076618179e-01 4.599773455993272364e-05
1.734139086985977428e+03 1.000081948911283769e+00 4.600446845870465040e-05
1.734166864919072623e+03 9.997497896555790353e-01 4.601031832862645388e-05
1.734194642852401330e+03 9.999728159281076056e-01 4.601824184646829963e-05
1.734222420786661132e+03 9.985873917716096004e-01 4.598001032718457282e-05
1.734250198721386141e+03 9.964785894180933079e-01 4.594152778736315668e-05
1.734277976656576811e+03 9.939568873503272783e-01 4.586737850331701338e-05
1.734305754592467338e+03 9.912680463469433212e-01 4.581639223033562303e-05
1.734333532528821934e+03 9.886589595850456824e-01 4.575284765451215208e-05
1.734361310465875249e+03 9.862644858389710834e-01 4.568953954731114209e-05
1.734389088403395590e+03 9.843499924204602847e-01 4.565190465655177832e-05
1.734416866341612831e+03 9.825996374370606912e-01 4.562218236969783902e-05
1.734444644280295279e+03 9.814870059943846536e-01 4.560016168397851288e-05
1.734472422219677583e+03 9.808585873955749657e-01 4.559496301226317883e-05
1.734500200159758379e+03 9.805648635607125962e-01 4.561535752145573497e-05
1.734527978100071095e+03 9.812152326978750283e-01 4.562082904158160090e-05
1.734555756041315362e+03 9.820699682868305747e-01 4.565107883536256850e-05
1.734584922879925216e+03 9.837470696310820495e-01 4.569138764054514468e-05
1.734612700822333636e+03 9.858027709124377314e-01 4.574363993015140295e-05
1.734640478765207490e+03 9.881162959756849551e-01 4.580041058943606913e-05
1.734668256708548824e+03 9.907129726200613051e-01 4.586993236443959177e-05
1.734696034652586832e+03 9.934144990555793253e-01 4.592632831190712750e-05
1.734723812597323558e+03 9.958326861239608085e-01 4.599195744958706200e-05
1.734754368337024289e+03 9.985278225484528480e-01 4.605958747561089694e-05
1.734782146282692338e+03 9.998862594478428178e-01 4.610018368111923337e-05
1.734809924229058879e+03 9.999955286087315320e-01 4.611395706888288260e-05
1.734837702176125049e+03 1.000054168239551622e+00 4.613204873749054968e-05
1.734865480123655743e+03 9.999994863441294957e-01 4.615235957317054272e-05
1.734893258071652099e+03 1.000114789789945391e+00 4.614628778654150665e-05
1.734922424917713215e+03 1.000021695342399708e+00 4.615012949216179550e-05
1.734950202867106555e+03 1.000080795154272728e+00 4.615188663592562079e-05
1.734977980816965328e+03 1.000077467047063129e+00 4.614313729689456522e-05
1.735000203177132335e+03 1.000103213787878254e+00 4.613835699274204671e-05
1.740000237683835621e+03 9.998519436912125524e-01 4.566409552353434265e-05
1.740028015690787015e+03 9.999633080774479321e-01 4.566566349240019917e-05
1.740055793698672005e+03 9.999355863508558873e-01 4.566842471831478179e-05
1.740083571707486954e+03 9.998551126265387001e-01 4.567296491586603224e-05
1.740111349717000849e+03 1.000027154964492349e+00 4.567562791635282338e-05
1.740139127727211871e+03 9.999031824922379741e-01 4.567291034618392587e-05
1.740166905738124115e+03 9.999619054028099363e-01 4.567032738123089075e-05
1.740194683749964952e+03 1.000006269669543535e+00 4.567201540339738131e-05
1.740222461762505645e+03 9.999177454858029224e-01 4.567470750771462917e-05
1.740251628676581731e+03 9.999418775942184867e-01 4.567116775433532894e-05
1.740279406690752239e+03 9.998155141482489849e-01 4.566979259834624827e-05
1.740307184705853615e+03 9.998883550433718126e-01 4.567737778415903449e-05
1.740334962721421562e+03 9.999806982450595294e-01 4.567463111015968025e-05
1.740362740737920376e+03 9.999601826700149632e-01 4.567598807625472546e-05
1.740391907656186049e+03 9.998730521864189758e-01 4.567934229271486402e-05
1.740419685674081848e+03 9.998466457661911999e-01 4.567756695905700326e-05
1.740447463692908968e+03 9.999308995900897390e-01 4.567997166304849088e-05
1.740475241712434581e+03 9.998882810417576428e-01 4.567809810396283865e-05
1.740504408633727053e+03 9.999161263613125517e-01 4.568578515318222344e-05
1.740532186654651014e+03 9.998232519099371496e-01 4.568033909890800714e-05
1.740559964676504478e+03 9.999377392906042550e-01 4.568449003272689879e-05
1.740587742699055980e+03 9.998474866415398843e-01 4.567974974634125829e-05
1.740615520722308474e+03 9.999439052311295262e-01 4.568728036247193813e-05
1.740643298746256733e+03 9.999602499329440786e-01 4.568272925098426640e-05
1.740671076770904619e+03 9.998603304111535195e-01 4.567906216834671795e-05
1.740698854796483829e+03 9.999203690613949203e-01 4.568026997731067240e-05
1.740728021723831034e+03 9.998845454385129061e-01 4.567985888570547104e-05
1.740757188652341029e+03 1.000021084521449666e+00 4.568868462229147553e-05
1.740784966680015714e+03 9.999786223649146377e-01 4.568891017697751522e-05
1.740812744708390255e+03 9.997998005556510970e-01 4.568495569401420653e-05
1.740841911638995953e+03 9.999511725588032807e-01 4.569175143842585385e-05
1.740869689668766114e+03 9.999994898526163301e-01 4.569046723190695047e-05
1.740897467699234767e+03 9.999715426908661886e-01 4.568962322082370520e-05
1.740925245730634970e+03 1.000004159175104324e+00 4.568900476442649961e-05
1.740953023762733665e+03 9.999235452317392081e-01 4.568812437355518341e-05
1.740982190697065562e+03 9.999379900026272860e-01 4.568240547087043524e-05
1.741009968730328183e+03 9.999517919607298078e-01 4.568470103549771011e-05
1.741037746764520989e+03 9.999497809030142292e-01 4.569060911308042705e-05
1.741065524799415016e+03 9.999541944661399784e-01 4.569212251226417720e-05
1.741093302835005943e+03 9.999463708042083399e-01 4.569303200696595013e-05
1.741121080871061167e+03 9.998936969752977300e-01 4.569448719848878682e-05
1.741148858908049078e+03 9.999850489919903662e-01 4.569335942505858839e-05
1.741176636945736846e+03 9.999285257763081969e-01 4.569007796817459166e-05
1.741204414983887546e+03 9.999527103528476069e-01 4.568594158627092838e-05
1.741232193022970932e+03 9.999538033276285098e-01 4.568377335090190172e-05
1.741261359964521716e+03 1.000163366729558856e+00 4.568736767396330833e-05
1.741289138005001405e+03 9.999347060068370929e-01 4.568217991618439555e-05
1.741316916046180268e+03 1.000078888943710886e+00 4.568556687445379794e-05
1.741344694087825701e+03 1.000076981181270419e+00 4.568612348521128297e-05
1.741372472130400638e+03 1.000066108364026762e+00 4.568817894323728979e-05
1.741400250173442373e+03 1.000142615994772610e+00 4.569431621348485351e-05
1.741428028217181691e+03 1.000058185460110716e+00 4.569690281641669571e-05
1.741457195163854522e+03 1.000034256582557290e+00 4.569195152726024389e-05
1.741484973208991505e+03 1.000143425419512955e+00 4.569402153720147908e-05
1.741512751255058674e+03 1.000176374334325935e+00 4.569640077534131706e-05
1.741541918203827663e+03 1.000012447681699612e+00 4.569608427118510008e-05
1.741569696251060122e+03 1.000024240011891719e+00 4.569614247884601355e-05
1.741597474298989937e+03 1.000109278364196053e+00 4.569516750052571297e-05
1.741625252347620972e+03 1.000150527555299984e+00 4.569680459098890424e-05
1.741653030396716076e+03 1.000054323380877186e+00 4.569510929286479950e-05
1.741680808446741594e+03 1.000128067565004164e+00 4.570032979245297611e-05
1.741708586497234592e+03 1.000079798727416813e+00 4.569523662212304771e-05
1.741736364548425172e+03 9.999985889664233518e-01 4.569048542180098593e-05
1.741764142600314244e+03 9.999892503605376515e-01 4.569214070215821266e-05
1.741791920652900444e+03 1.000136205028346659e+00 4.569941665977239609e-05
1.741819698705955034e+03 1.000163111555475215e+00 4.570538294501602650e-05
1.741847476759939809e+03 1.000027757774623938e+00 4.570273449644446373e-05
1.741875254814389336e+03 1.000125844670963771e+00 4.570218516164459288e-05
1.741903032869538947e+03 1.000126000629507184e+00 4.570562305161729455e-05
1.741930810925386140e+03 1.000082121960574666e+00 4.569981683744117618e-05
1.741958588981931825e+03 1.000079406004602989e+00 4.569212615024298429e-05
1.741986367038943854e+03 1.000290215927186033e+00 4.570101009448990226e-05
1.742014145096885841e+03 1.000059080399561706e+00 4.569780139718204737e-05
1.742041923155294171e+03 1.000023285229429737e+00 4.569806696963496506e-05
1.742069701214401903e+03 1.000212163820769051e+00 4.570320743368938565e-05
1.742097479273973704e+03 1.000085729098943998e+00 4.569914017338305712e-05
1.742125257334477737e+03 1.000227192500995566e+00 4.570347664412111044e-05
1.742153035395447205e+03 1.000046126714329242e+00 4.569786688080057502e-05
1.742180813457116528e+03 1.000154958533524985e+00 4.569633165374398232e-05
1.742208591519481615e+03 1.000250156782275912e+00 4.569534939946606755e-05
1.742236369582313728e+03 1.000196857648754989e+00 4.569154771161265671e-05
1.742264147646078527e+03 1.000271941481736704e+00 4.569621523842215538e-05
1.742291925710307623e+03 1.000228277609195748e+00 4.569280281430110335e-05
1.742319703775234757e+03 1.000130614012755714e+00 4.568972872220911086e-05
1.742347481840628689e+03 1.000205094274220219e+00 4.570101009448990226e-05
1.742375259906720657e+03 1.000186521800812800e+00 4.569672455545514822e-05
1.742403037973510891e+03 1.000113530590459154e+00 4.569272641674615443e-05
1.742430816040999616e+03 1.000159261285112233e+00 4.569329030346125364e-05
1.742458594109186834e+03 1.000254850666831175e+00 4.569716475089080632e-05
1.742486372177839712e+03 1.000141003203792067e+00 4.569477096083573997e-05
1.742514150247191083e+03 1.000096211437191851e+00 4.569501470541581511e-05
1.742541928317242309e+03 1.000158454278706088e+00 4.569936572806909680e-05
1.742569706387757833e+03 1.000040830541702341e+00 4.570450255414471030e-05
1.742597484458970712e+03 1.000104052645020891e+00 4.570173405227251351e-05
1.742626651434515225e+03 1.000208425131926981e+00 4.570310557028278708e-05
1.742654429507126224e+03 1.000112241667982849e+00 4.570064265863038599e-05
1.742682207580202885e+03 1.000270596439497561e+00 4.570615783450193703e-05
1.742709985653977583e+03 1.000098654210543003e+00 4.569971497403457761e-05
1.742739152632082551e+03 1.000226504326281241e+00 4.569761222228407860e-05
1.742766930707254687e+03 1.000233449156394006e+00 4.570488817989826202e-05
1.742794708782892712e+03 1.000145305070362589e+00 4.569918746710754931e-05
1.742822486859230594e+03 1.000180767151555905e+00 4.570859891828149557e-05
1.742850264936264466e+03 1.000141291739242932e+00 4.570441888063214719e-05
1.742878043013764454e+03 1.000144454274076500e+00 4.570755481836386025e-05
1.742905821091964754e+03 1.000158773601578677e+00 4.570331293507479131e-05
1.742933599170862180e+03 1.000130469429455493e+00 4.570257442537695169e-05
1.742961377250225269e+03 1.000050120727737468e+00 4.569651355268433690e-05
1.742989155330521044e+03 1.000052117346613034e+00 4.569625525618903339e-05
1.743016933411047830e+03 1.000076537885108641e+00 4.569592783809639513e-05
1.743044711492505712e+03 1.000098757607613464e+00 4.569850716507062316e-05
1.743072489574430165e+03 1.000215962128087721e+00 4.570262899505905807e-05
1.743100267657054246e+03 9.999720919272048203e-01 4.569789598463103175e-05
1.743128045740142625e+03 1.000168186776630330e+00 4.570898090605624020e-05
1.743155823823929495e+03 1.000205448504069894e+00 4.570373494061641395e-05
1.743183601908416222e+03 1.000064379155839234e+00 4.569586235447786748e-05
1.743211379993366791e+03 1.000157335314595830e+00 4.569427619571797550e-05
1.743239158079015397e+03 1.000173677498328528e+00 4.569954398903064430e-05
1.743266936165364996e+03 1.000145482665969254e+00 4.569129305309616029e-05
1.743294714252178892e+03 1.000292226056778144e+00 4.569268276100046933e-05
1.743322492339691053e+03 9.999982301542084118e-01 4.568709846353158355e-05
1.743350270427901705e+03 1.000022328986814646e+00 4.569017619360238314e-05
1.743378048516579383e+03 1.000203657360663412e+00 4.569219527184031904e-05
1.743405826605954189e+03 1.000022291844939737e+00 4.568755684886127710e-05
1.743433604696027487e+03 1.000097310311859999e+00 4.569289740175008774e-05
1.743461382786567356e+03 1.000109901570693349e+00 4.569491284200921655e-05
1.743489160877571067e+03 1.000059349522233854e+00 4.569781231111846864e-05
1.743516938969507237e+03 9.997781680861388409e-01 4.569300654111430049e-05
1.743544717061910433e+03 1.000098835639204875e+00 4.569967131828889251e-05
1.743572495155010529e+03 1.000060918768860274e+00 4.570040982798673213e-05
1.743600273248576286e+03 1.000055614203565257e+00 4.570436431095004082e-05
1.743628051342841900e+03 9.999775645259095791e-01 4.570049713947810233e-05
1.743655829437571811e+03 1.000040524677595410e+00 4.569722295855171978e-05
1.743683607533233044e+03 1.000113319746028351e+00 4.569850352709181607e-05
1.743711385629127108e+03 1.000162678613154332e+00 4.569973316392861307e-05
1.743739163725954086e+03 1.000088609375630044e+00 4.569762313622049987e-05
1.743766941823244451e+03 9.999967076254108189e-01 4.569989323499612510e-05
1.743794719921000706e+03 9.999492218619138173e-01 4.569900193018838763e-05
1.743822498019457271e+03 1.000091399528503011e+00 4.570708188111893833e-05
1.743850276118610964e+03 1.000015163970046750e+00 4.570913733914494514e-05
1.743878054218463149e+03 1.000062764973895124e+00 4.570933379000052810e-05
1.743905832318782359e+03 1.000137191737196396e+00 4.570676901494152844e-05
1.743933610419565866e+03 1.000033391111268655e+00 4.570924284053035080e-05
1.743961388521047866e+03 1.000087055510852085e+00 4.570451346808113158e-05
1.743989166623228584e+03 9.999936757751747285e-01 4.570213059196248651e-05
1.744016944726109159e+03 1.000000221838749370e+00 4.569593511405400932e-05
1.744044722829453804e+03 9.999316913446102406e-01 4.569855809677392244e-05
1.744072500933264109e+03 9.999593299431703830e-01 4.569640805129893124e-05
1.744100279037774271e+03 1.000098938647054680e+00 4.570245801005512476e-05
1.744128057142981561e+03 1.000030980444930107e+00 4.570619421429000795e-05
1.744155835248654512e+03 1.000238666121660902e+00 4.570954843075014651e-05
1.744183613355027319e+03 9.999859680525428063e-01 4.570010423776693642e-05
1.744211391462097481e+03 1.000188269981051592e+00 4.570352757582440972e-05
1.744239169569633304e+03 9.998221432293522559e-01 4.568819713313132524e-05
1.744266947677635017e+03 9.998611689101434274e-01 4.568534131976775825e-05
1.744294725786568506e+03 9.999983900130908765e-01 4.568918666336685419e-05
1.744322503895733917e+03 9.998820087863463657e-01 4.568883377942256629e-05
1.744350282005830650e+03 9.998923239648752626e-01 4.569044176605530083e-05
1.744378060116394408e+03 9.998724573947095351e-01 4.568950316752307117e-05
1.744405838227422464e+03 9.999903182281418834e-01 4.569277734844945371e-05
1.744433616339149012e+03 1.000071974668718777e+00 4.569818702293559909e-05
1.744461394451575643e+03 9.999087315669531462e-01 4.569792872644029558e-05
1.744489172564466571e+03 9.998297893723365748e-01 4.569064913084730506e-05
1.744516950678055764e+03 9.998640076987462821e-01 4.569725206238217652e-05
1.744554451132193662e+03 1.000024333996945014e+00 4.569861994241364300e-05
1.744586395964591247e+03 9.998218983447826336e-01 4.570164674078114331e-05
1.744618340797453129e+03 9.998550932579206574e-01 4.569771044771187007e-05
1.744646118913837654e+03 9.999173983434844759e-01 4.569972224999219179e-05
1.744676674842371540e+03 9.999128872163213222e-01 4.570035525830462575e-05
1.744705841865878028e+03 9.998981747273540943e-01 4.569723023450933397e-05
1.744733619984125198e+03 9.999004529314189371e-01 4.569844168145209551e-05
1.744761398102836665e+03 9.998777930892501775e-01 4.569944576360285282e-05
1.744789176222246851e+03 9.998027661447547176e-01 4.569980956148356199e-05
1.744818343248315614e+03 9.999040904246476735e-01 4.570343662635423243e-05
1.744846121368889726e+03 9.999198476419824955e-01 4.570965757011435926e-05
1.744873899489929727e+03 9.997961802686036181e-01 4.570590681396424770e-05
1.744903066517859770e+03 9.999334738690501823e-01 4.570621604216285050e-05
1.744930844640297892e+03 9.999027958580932740e-01 4.570277451421134174e-05
1.744958622763200538e+03 1.000003225006213636e+00 4.570419332594610751e-05
1.744987789792993226e+03 9.998721443034367384e-01 4.569936209009028971e-05
1.745016956823485998e+03 9.998747925135139658e-01 4.569787779473699629e-05
1.745044734948251062e+03 1.000039334232560417e+00 4.570412784232757986e-05
1.745072513073714617e+03 9.999781673065840648e-01 4.570235614664852619e-05
1.745101680105837204e+03 9.999159491975155856e-01 4.570422606775537133e-05
1.745129458232464913e+03 9.999874225129955496e-01 4.570436794892884791e-05
1.745157236359792023e+03 9.999219727735482177e-01 4.570070086629129946e-05
1.745186403394009631e+03 9.999149184784048572e-01 4.569865996018052101e-05
1.745215570428924366e+03 9.999324128779567555e-01 4.569669545162469149e-05
1.745243348557880836e+03 9.999250494991626104e-01 4.569501106743700802e-05
1.745271126687536253e+03 9.999528501306135242e-01 4.569867087411694229e-05
1.745298904817657785e+03 9.998078299254126167e-01 4.569273005472496152e-05
1.745326682948476446e+03 9.998754283177261337e-01 4.569716111291199923e-05
1.745354461079993598e+03 9.997254838690462497e-01 4.568801887216977775e-05
1.745382239211977776e+03 9.998561944311636918e-01 4.569049633573740721e-05
1.745410017344426478e+03 9.999248736177449581e-01 4.569363227346912026e-05
1.745437795477573673e+03 9.997538272406123472e-01 4.568758595269173384e-05
1.745465573611420496e+03 9.998626011394244895e-01 4.569275915855541825e-05
1.745494740652388828e+03 9.998485476559373364e-01 4.569610609905794263e-05
1.745522518787398667e+03 9.999191222471370821e-01 4.569841985357925296e-05
1.745550296922876896e+03 9.999253390393199048e-01 4.570224700728431344e-05
1.745579463965707873e+03 9.999643566704589093e-01 4.570640885503962636e-05
1.745607242102580358e+03 9.997578390542741777e-01 4.570044620777480304e-05
1.745635020239685673e+03 9.997501655625741224e-01 4.570071905618533492e-05
1.745662798377723448e+03 9.997265524231656597e-01 4.570270175463519990e-05
1.745691965423115789e+03 9.998567233558390832e-01 4.570346209220588207e-05
1.745719743562316580e+03 9.997686721608117777e-01 4.570126475300639868e-05
1.745747521701984169e+03 9.998108915756105386e-01 4.570385499391704798e-05
1.745775299842116056e+03 9.998815946577023217e-01 4.570734017761424184e-05
1.745803077982947798e+03 9.997557408026359616e-01 4.570916644297540188e-05
1.745830856124478032e+03 9.998969467611169559e-01 4.571022873278707266e-05
1.745860023173595891e+03 9.997342765533300257e-01 4.570934834191575646e-05
1.745887801316056084e+03 9.997551705836815739e-01 4.571443423628807068e-05
1.745915579459448509e+03 9.998644752310165140e-01 4.570981400320306420e-05
1.745943357603073309e+03 9.998062616809693104e-01 4.570720557239837945e-05
1.745971135747628978e+03 9.998652595212128569e-01 4.570517194224521518e-05
1.745998913892419068e+03 9.997943053581674899e-01 4.570482269627973437e-05
1.746026692037907651e+03 9.999415148639648754e-01 4.570600140141323209e-05
1.746055859091448838e+03 9.998185903657113016e-01 4.570414239424280822e-05
1.746083637238100209e+03 9.997557444752422917e-01 4.571551471599377692e-05
1.746111415385451437e+03 9.998393876888643783e-01 4.571069075609557331e-05
1.746139193533266734e+03 9.998849672308955938e-01 4.571082899929024279e-05
1.746166971681780979e+03 9.999121607016014934e-01 4.570974851958453655e-05
1.746194749830995534e+03 9.999262750437263314e-01 4.570909004542045295e-05
1.746222527980440645e+03 9.999153843291824773e-01 4.570927194436080754e-05
1.746251695038173239e+03 9.998577829381003479e-01 4.570367309497669339e-05
1.746279473189015334e+03 9.999052870325377818e-01 4.569957673083990812e-05
1.746307251340557286e+03 9.998995812299102948e-01 4.570142846205271780e-05
1.746336418400152979e+03 9.999465635397153385e-01 4.570161036099307239e-05
1.746364196552625799e+03 9.998476148595417667e-01 4.569799421005882323e-05
1.746391974705797566e+03 9.999625954803891270e-01 4.570276723825372756e-05
1.746419752859433629e+03 9.998580002570702785e-01 4.569787051877938211e-05
1.746447531013768184e+03 9.999424091578209550e-01 4.570803139358758926e-05
1.746475309168804188e+03 9.999389632918095350e-01 4.570628516376018524e-05
1.746503087324303124e+03 9.998548778088480748e-01 4.571149111143313348e-05
1.746530865480267494e+03 9.999314723416335982e-01 4.571022509480826557e-05
1.746558643636931720e+03 9.999750709605615961e-01 4.571871613734401762e-05
1.746586421794060925e+03 9.999004634840635841e-01 4.571638419292867184e-05
1.746614199951888622e+03 9.999247599519592855e-01 4.571831595967523754e-05
1.746641978110181299e+03 9.999196978522312262e-01 4.571655881591141224e-05
1.746669756269173831e+03 9.998663747382429134e-01 4.571471072267740965e-05
1.746697534428630888e+03 9.999115976289488783e-01 4.571543468046002090e-05
1.746725312588787801e+03 9.998737956779722991e-01 4.571695899358019233e-05
1.746753090749410148e+03 9.999068717082695290e-01 4.572102989186532795e-05
1.746780868910496793e+03 9.999246615853752962e-01 4.572331818053498864e-05
1.746808647072514759e+03 9.998185211537045092e-01 4.572343459585681558e-05
1.746836425234768285e+03 9.998359707156768694e-01 4.572551915771327913e-05
1.746864203397717574e+03 1.000007182380651560e+00 4.573439582600258291e-05
1.746891981561132525e+03 9.998374142310988422e-01 4.572768375510349870e-05
1.746919759725246877e+03 9.999316621449431119e-01 4.573200931190513074e-05
1.746947537890061085e+03 9.998966133351818719e-01 4.572479156195186079e-05
1.746975316055338681e+03 9.999652380864244572e-01 4.572695615934208035e-05
1.747003094221081938e+03 9.999504805013699205e-01 4.572578109218738973e-05
1.747030872387526415e+03 9.999557967345747977e-01 4.572520629153586924e-05
1.747058650554433825e+03 9.997658672097828880e-01 4.572354373522102833e-05
1.747086428722039727e+03 9.999228965171046424e-01 4.572685065795667470e-05
1.747114206890112655e+03 9.970235753772963561e-01 4.567234645946882665e-05
1.747141985058651699e+03 9.904096094327469180e-01 4.552006066660396755e-05
1.747169763227887415e+03 9.817583002952972038e-01 4.532746606855653226e-05
1.747197541397822079e+03 9.719418997186692888e-01 4.510453800321556628e-05
1.747225319568224222e+03 9.615848409301764876e-01 4.487609839998185635e-05
1.747253097739089753e+03 9.511123366085092457e-01 4.462886863620951772e-05
1.747280875910653776e+03 9.411537063684957127e-01 4.439645272213965654e-05
1.747308654082685734e+03 9.319334506018118747e-01 4.418064054334536195e-05
1.747336432255414593e+03 9.239132108678846933e-01 4.399526733323000371e-05
1.747364210428608658e+03 9.174199267443063910e-01 4.384571366244927049e-05
1.747391988602269521e+03 9.129311575020747638e-01 4.374680793262086809e-05
1.747419766776628876e+03 9.102198340903230322e-01 4.368245572550222278e-05
1.747447544951685359e+03 9.097293469129963395e-01 4.367278233985416591e-05
1.747475323127208867e+03 9.114709597346165593e-01 4.371707836980931461e-05
1.747503101303198036e+03 9.153766903427229540e-01 4.380994869279675186e-05
1.747530879479884334e+03 9.212393848101695371e-01 4.394859934109263122e-05
1.747558657657036520e+03 9.286145110117188795e-01 4.412632915773428977e-05
1.747586435834657095e+03 9.375178058184232555e-01 4.433151480043306947e-05
1.747614214012973207e+03 9.471726120390711046e-01 4.455626185517758131e-05
1.747641992191987811e+03 9.576021219995859424e-01 4.479114068089984357e-05
1.747669770371237973e+03 9.681844756772781668e-01 4.503185846260748804e-05
1.747697548551416730e+03 9.781968064950486985e-01 4.525896656559780240e-05
1.747725326731829227e+03 9.874385287002931388e-01 4.546922718873247504e-05
1.747753104912941353e+03 9.949911427274743536e-01 4.563989568850956857e-05
1.747780883094750152e+03 9.997166648456088378e-01 4.574962076731026173e-05
1.747808661276792918e+03 9.999314670963245222e-01 4.576965147862210870e-05
1.747836439459765643e+03 9.998637943491321955e-01 4.576503124553710222e-05
1.747864217642972562e+03 1.000107296012280322e+00 4.577536674332804978e-05
1.747891995826877974e+03 1.000025212990030443e+00 4.577602521749213338e-05
1.747900329282188522e+03 1.000165679737901048e+00 4.578089647111482918e-05
1.756999091544304292e+03 9.998922336277492606e-01 4.569472366711124778e-05
1.871822373083332195e+03 9.998745701932776342e-01 4.554877159534953535e-05
1.878841966127010210e+03 9.996837456504192865e-01 4.554201950668357313e-05
1.886868482370433412e+03 9.999370516640160300e-01 4.557099236990325153e-05
1.888400446768053598e+03 9.998316734656179650e-01 4.556291605695150793e-05
1.888428224898861345e+03 9.998327177339477734e-01 4.555964187602512538e-05
1.888456003028971054e+03 9.993934046893330203e-01 4.555632040137425065e-05
1.888483781159080991e+03 9.975566783861845588e-01 4.551066376734524965e-05
1.888511559288491753e+03 9.950549167441177234e-01 4.545326373772695661e-05
1.888539337417670822e+03 9.923447460007688292e-01 4.539315341389738023e-05
1.888567115546615241e+03 9.894587652362419883e-01 4.533000537776388228e-05
1.888594893675096728e+03 9.869816730692777540e-01 4.527388591668568552e-05
1.888624060709557170e+03 9.845542841442427306e-01 4.522064773482270539e-05
1.888651838837339483e+03 9.827001489628456321e-01 4.518398054642602801e-05
1.888679616964654770e+03 9.808908288950721754e-01 4.515020918915979564e-05
1.888707395091504850e+03 9.799971441862046495e-01 4.511815495789051056e-05
1.888735173218121645e+03 9.795413117669892200e-01 4.512070154305547476e-05
1.888762951344506064e+03 9.800514139341032216e-01 4.511973020271398127e-05
1.888790729470192218e+03 9.807379196334596871e-01 4.513633393798954785e-05
1.888818507595877691e+03 9.821004241516976263e-01 4.516996705206111073e-05
1.888846285720865808e+03 9.838582291416108072e-01 4.520209040492773056e-05
1.888874063845619958e+03 9.859063259736149387e-01 4.525124313659034669e-05
1.888901841969908446e+03 9.883074098521175133e-01 4.530039950623176992e-05
1.888929620093964559e+03 9.910133269579167736e-01 4.536269261734560132e-05
1.888957398217555465e+03 9.942214004169737107e-01 4.542878377833403647e-05
1.888985176340913085e+03 9.965607376451638411e-01 4.548275319393724203e-05
1.889012954463571759e+03 9.989523390094562361e-01 4.553244070848450065e-05
1.889040732585998057e+03 9.997806693045929727e-01 4.557722058962099254e-05
1.889068510708191752e+03 1.000253804048491846e+00 4.556732892524451017e-05
1.889096288829919104e+03 1.000171678577617573e+00 4.556770363706164062e-05
1.889100455548097898e+03 9.998958666861973432e-01 4.555465056910179555e-05
1.892000489141982371e+03 9.998383543009329300e-01 4.555643681669607759e-05
1.892028267218308429e+03 9.997010042836943500e-01 4.554597398964688182e-05
1.892057434197588691e+03 1.000004031597303111e+00 4.555674968287348747e-05
1.892085212272749914e+03 1.000020244863114804e+00 4.555145642370916903e-05
1.892112990347678306e+03 1.000136213656347861e+00 4.555623672786168754e-05
1.892140768421907978e+03 9.994757734354651202e-01 4.554028782877139747e-05
1.892168546495672899e+03 9.997861280346257429e-01 4.555704799713566899e-05
1.892196324568971477e+03 9.999819345597875664e-01 4.556195199256762862e-05
1.892224102641804848e+03 9.997124180370259294e-01 4.555253690341487527e-05
1.892251880714171421e+03 9.999159587221035927e-01 4.556228304863907397e-05
1.892279658786072787e+03 9.998784914509455390e-01 4.555061241262592375e-05
1.892307436857509401e+03 9.999542476393128432e-01 4.555265331873670220e-05
1.892335214928479672e+03 1.000012953076577116e+00 4.555729901767335832e-05
1.892362992998984964e+03 1.000011937985258559e+00 4.555168561637401581e-05
1.892390771069023003e+03 9.998918461849778394e-01 4.555694977170787752e-05
1.892418549138596291e+03 9.997395071806818301e-01 4.554837869363836944e-05
1.892446327207704371e+03 9.999717849941498482e-01 4.555480336421169341e-05
1.892474105276345654e+03 1.000006619158595678e+00 4.555276609607972205e-05
1.892501883344523321e+03 9.999839974621067551e-01 4.555207124212756753e-05
1.892532439218841546e+03 9.999158998493634654e-01 4.555458508548326790e-05
1.892560217285853696e+03 9.996212154900623315e-01 4.554864426609128714e-05
1.892587995352633016e+03 9.996251521778968252e-01 4.554734550765715539e-05
1.892619940128742655e+03 1.000127021542262407e+00 4.555663690553046763e-05
1.892647718194358504e+03 9.998144378610921423e-01 4.555145278573036194e-05
1.892675496259507327e+03 9.999412959008793234e-01 4.555441410047933459e-05
1.892703274324190261e+03 9.999667771114948422e-01 4.556202111416496336e-05
1.892731052388409125e+03 9.998377832290393785e-01 4.555449049803428352e-05
1.892758830451928816e+03 1.000174689773148051e+00 4.555941268336027861e-05
1.892786608515216130e+03 9.997995583476563253e-01 4.554957922664470971e-05
1.892814386578037329e+03 1.000150991569216830e+00 4.555522536975331604e-05
1.892842164640160036e+03 9.992845534102847704e-01 4.553868348011747003e-05
1.892869942702049912e+03 9.999453846630459442e-01 4.555365012492984533e-05
1.892897720763240386e+03 1.000126714971906638e+00 4.555553459795191884e-05
1.892926887727154508e+03 1.000048055289498139e+00 4.556369822239503264e-05
1.892954665787414569e+03 9.996813455195321385e-01 4.555519626592285931e-05
1.892982443847209424e+03 9.998695670897714827e-01 4.555989653454162180e-05
1.893010221906537481e+03 1.000030129818839431e+00 4.556586281978525221e-05
1.893037999965401241e+03 9.998661376329780470e-01 4.555339546641334891e-05
1.893065778023797748e+03 9.998253784050699089e-01 4.556000567390583456e-05
1.893093556081729503e+03 1.000275902396405847e+00 4.555912528303451836e-05
1.893121334138963448e+03 9.998985438918956969e-01 4.555022314889356494e-05
1.893149112195963198e+03 1.000132489842397998e+00 4.556587737170048058e-05
1.893176890252266276e+03 1.000130557065720627e+00 4.555275882012210786e-05
1.893204668308101873e+03 1.000088331939286812e+00 4.556319618131965399e-05
1.893232446363705776e+03 9.999938958524433597e-01 4.555217310553416610e-05
1.893260224418610051e+03 9.995827137728544587e-01 4.554437327897176147e-05
1.893288002473049346e+03 1.000097367635839118e+00 4.555541818263009191e-05
1.893315780526789922e+03 1.000047366838451302e+00 4.555794293992221355e-05
1.893343558580297213e+03 1.000047059708752739e+00 4.555775012704543769e-05
1.893371336633340889e+03 9.997326890885500639e-01 4.554806218948215246e-05
1.893399114685684026e+03 9.998792053733549512e-01 4.555345367407426238e-05
1.893428281640284922e+03 9.999869382057435807e-01 4.555195482680574059e-05
1.893456059691696510e+03 9.999162820602268686e-01 4.555219493340700865e-05
1.893483837742644027e+03 9.999416827539504560e-01 4.557443389785476029e-05
1.893511615793124520e+03 1.000244183511359353e+00 4.556585554382763803e-05
1.893539393842906293e+03 9.999458606092219703e-01 4.556245039566420019e-05
1.893567171892456827e+03 9.999644458792400492e-01 4.556540079647675157e-05
1.893596338843797412e+03 1.000279515099985250e+00 4.556294152280315757e-05
1.893625505794672335e+03 9.995303084370789071e-01 4.554043334792368114e-05
1.893653283842358860e+03 1.000148791408551840e+00 4.557224747259169817e-05
1.893683839694559538e+03 9.998153047762581291e-01 4.555722262011840940e-05
1.893711617741315422e+03 1.000086524948228028e+00 4.555483246804215014e-05
1.893739395787605417e+03 1.000246418463497156e+00 4.555913983494974673e-05
1.893767173833429297e+03 1.000045888945021000e+00 4.555712075671181083e-05
1.893794951878788879e+03 1.000131277080771763e+00 4.556560452328994870e-05
1.893824118825937148e+03 1.000142717558775596e+00 4.556342537398450077e-05
1.893853285772388972e+03 1.000025430535788740e+00 4.557116335490718484e-05
1.893881063816117830e+03 1.000062287747231160e+00 4.555498526315204799e-05
1.893908841859149106e+03 1.000194127612882733e+00 4.555952909868210554e-05
1.893936619901946187e+03 1.000174238282714345e+00 4.555904888547956944e-05
1.893964397944045459e+03 1.000007625923445387e+00 4.556121712084859610e-05
1.893992175985911672e+03 1.000252072606000242e+00 4.556944986688904464e-05
1.894021342929102502e+03 9.998951800485751384e-01 4.556520070764236152e-05
1.894049120969571959e+03 1.000092295440606627e+00 4.556054409476928413e-05
1.894076899009807903e+03 1.000219323125869364e+00 4.556205021799542010e-05
1.894104677049346492e+03 9.998768789198410056e-01 4.555539271677844226e-05
1.894132455088418965e+03 1.000014499369985543e+00 4.556110434350557625e-05
1.894160233127026231e+03 1.000273560180488630e+00 4.556797648547217250e-05
1.894188011165166699e+03 9.995878472993185992e-01 4.555178747978061438e-05
1.894215789202609358e+03 1.000211594010760541e+00 4.557574357022531331e-05
1.894243567239586127e+03 9.998198926684614962e-01 4.554939732770435512e-05
1.894271345276096781e+03 1.000207164480780175e+00 4.556982094072736800e-05
1.894299123311910307e+03 1.000014842313824870e+00 4.555381747195497155e-05
1.894326901347489411e+03 1.000120470018573515e+00 4.555548730422742665e-05
1.894354679382372296e+03 1.000253740645921985e+00 4.555751729640178382e-05
1.894382457416787474e+03 1.000024570038087424e+00 4.555527993943542242e-05
1.894410235450504615e+03 1.000321463392247701e+00 4.556030762614682317e-05
1.894438013483989153e+03 1.000193941222086824e+00 4.555970008368603885e-05
1.894465791516774516e+03 1.000479377934899272e+00 4.556602652883157134e-05
1.894493569548862752e+03 9.998108748362917186e-01 4.556326166493818164e-05
1.894522736482273785e+03 9.995956192472473800e-01 4.555290433927439153e-05
1.894551903414988146e+03 9.997681733498778867e-01 4.555170380626805127e-05
1.894579681445677807e+03 9.998976905753391708e-01 4.555455961963161826e-05
1.894607459475670566e+03 9.997676233766961129e-01 4.555068881018087268e-05
1.894635237505196301e+03 9.992490185345621612e-01 4.553818143904209137e-05
1.894663015534257511e+03 1.000138175027333931e+00 4.555765190161764622e-05
1.894690793562619092e+03 1.000178396387108037e+00 4.555767736746929586e-05
1.894718571590515012e+03 9.998919359409061958e-01 4.555351188173517585e-05
1.894746349617946407e+03 9.998247616123816517e-01 4.556022759061306715e-05
1.894774127644678174e+03 1.000239546621983777e+00 4.556177736958488822e-05
1.894801905670945644e+03 1.000221698743357424e+00 4.556061321636661887e-05
1.894829683696745860e+03 1.000171069354932829e+00 4.556830754154361784e-05
1.894857461721848495e+03 1.000344491800531754e+00 4.556127532850950956e-05
1.894885239746485468e+03 9.999267740897953560e-01 4.555423947749659419e-05
1.894913017770655870e+03 9.996191726486955975e-01 4.555119448923505843e-05
1.894940795794129372e+03 1.000155834172768321e+00 4.556098065222613513e-05
1.894968573817135848e+03 1.000179657827768853e+00 4.555788109428249300e-05
1.894996351839677800e+03 1.000419070163560464e+00 4.557847205433063209e-05
1.895024129861520123e+03 1.000249809320302719e+00 4.555942359729669988e-05
1.895051907882664409e+03 1.000091149028282000e+00 4.555391933536157012e-05
1.895079685903343261e+03 1.000242109367107224e+00 4.556407657219097018e-05
1.895107463923555770e+03 1.000061387850899264e+00 4.555907435133121908e-05
1.895135241943303981e+03 1.000021648449951561e+00 4.556120620691217482e-05
1.895163019962352109e+03 1.000167225083790079e+00 4.556273779598996043e-05
1.895190797980703337e+03 1.000116150316422647e+00 4.555895429803058505e-05
1.895218575998587539e+03 1.000260998062209028e+00 4.555946725304238498e-05
1.895246354016006535e+03 9.998485620410527686e-01 4.555479245027527213e-05
1.895274132032727266e+03 1.000360822133760319e+00 4.556354906526394188e-05
1.895303298949608234e+03 1.000435746611340937e+00 4.558860018732957542e-05
1.895331076965164584e+03 1.000480218970979607e+00 4.557112697511911392e-05
1.895358854980254819e+03 1.000086707489302951e+00 4.556480780593119562e-05
1.895386632994647925e+03 1.000124254913296706e+00 4.556601561489515007e-05
1.895417188809825802e+03 1.000126387911044024e+00 4.555727718980051577e-05
1.895444966822821925e+03 1.000197172057866624e+00 4.556384737952612340e-05
1.895474133736209751e+03 1.000302325348058741e+00 4.557679858407936990e-05
1.895501911748041721e+03 1.000182055832235184e+00 4.556118437903933227e-05
1.895529689759406438e+03 1.000380339125360951e+00 4.556979183689691126e-05
1.895557467770074254e+03 1.000288182855311403e+00 4.558266300591640174e-05
1.895585245780275045e+03 1.000117960190307853e+00 4.557415377348661423e-05
1.895613023789777799e+03 1.000200742477214799e+00 4.555941632133908570e-05
1.895640801798815119e+03 1.000167798608897263e+00 4.557058127829805017e-05
1.895668579807153264e+03 1.000261770816232465e+00 4.556995554594323039e-05
1.895696357814794055e+03 1.000207601482184794e+00 4.555785926640965044e-05
1.895724135821734535e+03 1.000235418895062178e+00 4.555894338409416378e-05
1.895751913828211173e+03 9.996609187317078149e-01 4.554906627163290977e-05
1.895779691834221012e+03 9.998347142552095335e-01 4.555998384603299201e-05
1.895807469839299529e+03 9.998793177978836377e-01 4.555418490781448781e-05
1.895835247843913066e+03 1.000444589604158940e+00 4.557671854854561388e-05
1.895863025847827203e+03 9.999571852853016418e-01 4.555692430585622787e-05
1.895890803851044438e+03 9.998892703066386556e-01 4.555772102321498096e-05
1.895918581853794649e+03 1.000478118759157375e+00 4.558250657282769680e-05
1.895946359855847504e+03 9.999264643592076229e-01 4.555747364065609872e-05
1.895974137857200731e+03 1.000222966199781238e+00 4.556166459224186838e-05
1.896001915857855920e+03 1.000127499300420997e+00 4.556011845124885440e-05
1.896029693858044993e+03 1.000070400958080752e+00 4.556040948955342174e-05
1.896057471857302744e+03 1.000216249437829719e+00 4.556044950732029974e-05
1.896085249856095515e+03 1.000366382231503204e+00 4.556707426672801375e-05
1.896113027853956055e+03 1.000398289528532825e+00 4.558662476483732462e-05
1.896140805851352525e+03 1.000280033579541650e+00 4.557038846542127430e-05
1.896168583848049138e+03 1.000312883538665876e+00 4.556070052785798907e-05
1.896196361844047715e+03 1.000261473165161563e+00 4.556275234790518880e-05
1.896224139839348027e+03 9.996967826367446630e-01 4.555555642582476139e-05
1.896251917833948255e+03 1.000037677480193787e+00 4.555924533633515239e-05
1.896279695827852265e+03 1.000288353006838271e+00 4.556736166705377400e-05
1.896307473821055737e+03 1.000321891747905756e+00 4.557035208563320339e-05
1.896335251813329933e+03 1.000106595091920125e+00 4.556752173812128603e-05
1.896363029805136875e+03 1.000395150771832276e+00 4.556891144602559507e-05
1.896390807796013405e+03 9.993699571360143974e-01 4.554664701572619379e-05
1.896418585786191443e+03 1.000072384267307601e+00 4.557298234431073070e-05
1.896446363775669397e+03 1.000030820789512331e+00 4.555863415589556098e-05
1.896474141764451133e+03 9.992906741841500740e-01 4.555366831482388079e-05
1.896501919752532103e+03 9.999725866213960979e-01 4.555673876893706620e-05
1.896529697739684025e+03 1.000368483581141499e+00 4.556786370812915266e-05
1.896557475726136090e+03 9.999250595439074241e-01 4.556195926852524281e-05
1.896585253711656605e+03 1.000273754947988092e+00 4.556766725727356970e-05
1.896613031696480220e+03 9.993214685765074989e-01 4.554709448711946607e-05
1.896640809680603297e+03 9.996016920502914793e-01 4.554998304229229689e-05
1.896668587663796188e+03 9.997918182571462475e-01 4.556086059892550111e-05
1.896696365646057302e+03 9.992146687039789033e-01 4.554034603643231094e-05
1.896724143627621061e+03 9.996531942397532955e-01 4.555733903544023633e-05
1.896751921608252360e+03 1.000055486928102422e+00 4.556269050226546824e-05
1.896779699587952337e+03 1.000047595815164891e+00 4.555953637463971972e-05
1.896810255364714521e+03 1.000357245609003964e+00 4.557326610665768385e-05
1.896838033342785366e+03 1.000273435511586095e+00 4.556799831334501505e-05
1.896865811319691829e+03 1.000015636444091527e+00 4.555626219371333718e-05
1.896893589295898664e+03 9.997042088480632138e-01 4.555481427814811468e-05
1.896922756169706645e+03 9.998325465594906092e-01 4.555152190732769668e-05
1.896950534143818004e+03 9.996538652478930143e-01 4.555483246804215014e-05
1.896979701015764022e+03 9.996437224373466712e-01 4.554781116894446313e-05
1.897008867886311009e+03 1.000000133692275694e+00 4.557178181130439043e-05
1.897038034755928038e+03 9.992086650682537874e-01 4.554198676487430930e-05
1.897067201624613062e+03 1.000062291267501680e+00 4.555839404929429293e-05
1.897094979593369999e+03 9.998265124291166872e-01 4.556041676551103592e-05
1.897122757561195385e+03 9.993680689387873795e-01 4.554466795525513589e-05
1.897150535528091041e+03 1.000071373999955160e+00 4.556130807031877339e-05
1.897178313493588348e+03 1.000047940497667875e+00 4.556433486868627369e-05
1.897206091458154788e+03 9.996882184746203048e-01 4.555003761197440326e-05
1.897233869421323107e+03 1.000271093874999906e+00 4.556517160381190479e-05
1.897261647383561240e+03 9.996075549577650987e-01 4.554961560643278062e-05
1.897290814242467377e+03 1.000314570664575742e+00 4.556916974252089858e-05
1.897318592201911770e+03 1.000048264582161783e+00 4.556251224130392075e-05
1.897346370160192009e+03 1.000079272753697568e+00 4.557206921163015068e-05
1.897374148117073901e+03 1.000081917162735090e+00 4.556076237349770963e-05
1.897401926072792776e+03 1.000269144678006761e+00 4.557107604341581464e-05
1.897429704026881382e+03 9.995308214634346378e-01 4.554804763756692410e-05
1.897457481979806971e+03 1.000075893959651907e+00 4.556728163152001798e-05
1.897485259930868096e+03 1.000081389102074558e+00 4.556043859338387847e-05
1.897513037880765523e+03 1.000350591046760718e+00 4.556781641440466046e-05
1.897540815828801215e+03 1.000284583632852886e+00 4.556330532068386674e-05
1.897568593775439240e+03 1.000142786771685222e+00 4.556345811579376459e-05
1.897596371720215984e+03 1.000058663424794325e+00 4.556353451334871352e-05
1.897624149663360640e+03 9.999961070829357368e-01 4.556840212899260223e-05
1.897651927604644243e+03 9.989833471745378501e-01 4.554981205728836358e-05
1.897679705544297349e+03 1.000064509842013338e+00 4.556025669444352388e-05
1.897707483481855434e+03 9.999446321598502996e-01 4.556466956273652613e-05
1.897735261417317588e+03 9.999290202167661068e-01 4.556816202239133418e-05
1.897763039350916415e+03 1.000195343751945520e+00 4.556660860544070601e-05
1.900347770906665573e+03 9.999113326721119632e-01 4.582345718517899513e-05
1.900378326573776121e+03 9.999315458273868584e-01 4.581566827255301178e-05
1.900406104453114494e+03 1.000046917155410497e+00 4.579660526360385120e-05
1.900433882332454232e+03 1.000079502806687115e+00 4.579224332701414824e-05
1.900461660211793060e+03 1.000229980654389506e+00 4.578693915391340852e-05
1.900489438090899966e+03 1.000076068878210656e+00 4.577537038130685687e-05
1.900518604864123517e+03 1.000055072476362605e+00 4.578345033223740757e-05
1.900546382742998503e+03 1.000152446142253515e+00 4.578075095196254551e-05
1.900574160622103136e+03 1.000106581108409110e+00 4.577719664666801691e-05
1.900601938500978122e+03 1.000082086490529321e+00 4.577627987600862980e-05
1.900629716379850379e+03 1.000108355086871015e+00 4.576914943754673004e-05
1.900657494258492534e+03 1.000019525735417636e+00 4.576702849590219557e-05
1.900685272137131960e+03 1.000015085660951986e+00 4.576561332214623690e-05
1.900713050015773661e+03 1.000092233294593180e+00 4.578829975798726082e-05
1.900740827894180256e+03 1.000040034544015910e+00 4.576902574626728892e-05
1.900768605772356750e+03 1.000018330011687828e+00 4.576205537887290120e-05
1.900796383650530515e+03 1.000038984430692723e+00 4.577152867568656802e-05
1.900824161528474178e+03 9.999850836057608827e-01 4.575941420625895262e-05
1.900851939406414658e+03 1.000040495539543439e+00 4.575967250275425613e-05
1.900881106178010668e+03 1.000093709537576370e+00 4.576086575980298221e-05
1.900908884055486396e+03 9.999837344814030970e-01 4.575132334139198065e-05
1.900936661932730658e+03 1.000068508821517321e+00 4.574724516714923084e-05
1.900964439809974010e+03 1.000055000406739891e+00 4.575164712150581181e-05
1.900992217686985441e+03 9.999194208875133993e-01 4.574778358801268041e-05
1.901019995563762222e+03 1.000083762016863220e+00 4.575256389216519892e-05
1.901047773440308902e+03 9.999328035416624738e-01 4.574352351482957602e-05
1.901075551316852398e+03 9.998944397848236187e-01 4.574953345581889153e-05
1.901103329192933415e+03 9.999081566314765857e-01 4.574484410113655031e-05
1.901131107069011705e+03 1.000046393136902800e+00 4.574737613438628614e-05
1.901158884944859892e+03 9.999557203313332865e-01 4.574583726935088634e-05
1.901186662820239690e+03 9.999149826699055277e-01 4.573853220790624619e-05
1.901214440695621306e+03 9.999347929344547525e-01 4.574157719616778195e-05
1.901242218570768728e+03 1.000112571256410510e+00 4.574091144604608417e-05
1.901269996445684683e+03 1.000054882741939766e+00 4.574322520056739450e-05
1.901297774320366898e+03 9.999531091111737435e-01 4.575150160235352814e-05
1.901325552194816737e+03 9.999065783342500069e-01 4.573847036226652563e-05
1.901354718962685638e+03 9.994117505579783733e-01 4.572841862682253122e-05
1.901382496836670271e+03 9.944096893331405562e-01 4.560335582937113941e-05
1.901410274710187878e+03 9.866251104283977336e-01 4.543626710074022412e-05
1.901438052583706394e+03 9.775054803897793576e-01 4.523013558355160058e-05
1.901465830456759250e+03 9.672498126638695570e-01 4.500256181927397847e-05
1.901493608329579274e+03 9.564729149407112940e-01 4.475373862078413367e-05
1.901521386202165559e+03 9.460979531367658124e-01 4.452539360499940813e-05
1.901551941861825526e+03 9.354562354603013219e-01 4.428855754667893052e-05
1.901579719733714228e+03 9.267743879304052301e-01 4.408818131196312606e-05
1.901607497605602020e+03 9.195222199216530612e-01 4.392194023239426315e-05
1.901635275477025516e+03 9.139397055116424973e-01 4.379265374154783785e-05
1.901664442241867164e+03 9.100915355362118042e-01 4.371114482637494802e-05
1.901692220112593077e+03 9.088605091564918581e-01 4.366889697848819196e-05
1.901719997983316262e+03 9.096535234873898146e-01 4.368929148768074811e-05
1.901747775853575604e+03 9.127785788122569910e-01 4.376920333015732467e-05
1.901775553723600751e+03 9.177174526381248754e-01 4.387365697766654193e-05
1.901803331593160237e+03 9.244011636069157101e-01 4.402651393320411444e-05
1.901831109462721543e+03 9.327916732553070966e-01 4.421629637363366783e-05
1.901858887331582537e+03 9.422640973709444090e-01 4.443035868462175131e-05
1.901886665200444440e+03 9.525519908464687990e-01 4.466326572583056986e-05
1.901914443068840683e+03 9.631677758630134978e-01 4.490097126108594239e-05
1.901942220937003185e+03 9.735424331286062216e-01 4.512593295658007264e-05
1.901969998804934221e+03 9.833287322291992538e-01 4.534320032689720392e-05
1.901997776672398686e+03 9.917553620925447788e-01 4.552756581688299775e-05
1.902025554539630321e+03 9.978830613488632872e-01 4.566568168229423463e-05
1.902053332406396748e+03 9.998452320736841425e-01 4.570120654534548521e-05
1.902081110272929664e+03 9.999075759078803749e-01 4.571437602862715721e-05
1.902108888139230203e+03 9.999361562988900998e-01 4.570785313262604177e-05
1.902136666005065308e+03 9.997855591672351050e-01 4.570550663629546762e-05
1.902164443870433843e+03 9.999670303085315126e-01 4.570417877403087914e-05
1.902192221735803287e+03 9.999798772127684865e-01 4.571055978885851800e-05
1.902219999600474239e+03 9.998263062261802947e-01 4.570516830426640809e-05
1.902247777465143827e+03 9.999251510144533395e-01 4.570701639750041068e-05
1.902275555329117651e+03 9.999811714454686085e-01 4.570788587443530560e-05
1.902303333193088292e+03 9.999337338935588848e-01 4.570209785015322268e-05
1.902331111056595091e+03 9.999284911505313955e-01 4.570924647850915790e-05
1.902358888919636229e+03 9.999172701829076582e-01 4.570261444314382970e-05
1.902386666782444536e+03 9.998908300738316157e-01 4.569353041006252170e-05
1.902414444644786272e+03 9.998144124589859461e-01 4.569920565700158477e-05
1.902442222506896542e+03 9.999556527652505578e-01 4.570181772578507662e-05
1.902471389261493641e+03 9.998890762356741346e-01 4.570136297843419015e-05
1.902499167122905419e+03 9.999018037125610991e-01 4.570000601233914495e-05
1.902500556015859274e+03 9.998715504926410924e-01 4.569273005472496152e-05
1.909532507299464214e+03 9.999102742423887635e-01 4.568314398056827486e-05
1.919281061749841683e+03 9.997229218609333667e-01 4.568846634356305003e-05
1.926253211249889091e+03 1.000060750279156752e+00 4.567943324218504131e-05
