1.695607465364416839e+03 9.997049570083618164e-01
1.695635242604388623e+03 9.995438456535339355e-01
1.695663019844594146e+03 9.997335076332092285e-01
1.695690797084565929e+03 9.976987838745117188e-01
1.695718574324770543e+03 9.914559125900268555e-01
1.695746351565207988e+03 9.830023646354675293e-01
1.695774128805413056e+03 9.734600782394409180e-01
1.695801906045617670e+03 9.632729291915893555e-01
1.695829683285589454e+03 9.525506496429443359e-01
1.695857460525793158e+03 9.423556923866271973e-01
1.695885237765533020e+03 9.331592321395874023e-01
1.695913015005271063e+03 9.246798157691955566e-01
1.695940792244545264e+03 9.183398485183715820e-01
1.695968569483817646e+03 9.132916331291198730e-01
1.695996346722393355e+03 9.105397462844848633e-01
1.696024123960734414e+03 9.096751809120178223e-01
1.696051901198612086e+03 9.107593894004821777e-01
1.696079678435788992e+03 9.147615432739257812e-01
1.696107455672502056e+03 9.200700521469116211e-01
1.696135232908514809e+03 9.274903535842895508e-01
1.696163010143598513e+03 9.360735416412353516e-01
1.696190787377981906e+03 9.457463622093200684e-01
1.696218564611434886e+03 9.562957286834716797e-01
1.696246341843722803e+03 9.667373895645141602e-01
1.696274119075080307e+03 9.760406613349914551e-01
1.696301896305272749e+03 9.861520528793334961e-01
1.696329673534069116e+03 9.930446147918701172e-01
1.696357450761700875e+03 9.991328716278076172e-01
1.696385227987936105e+03 9.997340440750122070e-01
1.734066887268374558e+03 1.000105857849121094e+00
1.734094665199607107e+03 1.000132083892822266e+00
1.734122443131772343e+03 1.000223994255065918e+00
1.734150221064169045e+03 1.000388860702514648e+00
1.734177998997497070e+03 1.000265836715698242e+00
1.734205776931057699e+03 9.997962117195129395e-01
1.734233554865551241e+03 9.982567429542541504e-01
1.734261332800276250e+03 9.957315325736999512e-01
1.734289110735932354e+03 9.931511282920837402e-01
1.734316888672055029e+03 9.905229210853576660e-01
1.734344666608642683e+03 9.881037473678588867e-01
1.734372444545928829e+03 9.856748580932617188e-01
1.734400222483681318e+03 9.837785959243774414e-01
1.734428000422131390e+03 9.822143316268920898e-01
1.734455778361047351e+03 9.813472032546997070e-01
1.734483556300661803e+03 9.812551736831665039e-01
1.734511334240975884e+03 9.810597896575927734e-01
1.734539112181521659e+03 9.819676876068115234e-01
1.734566890122998757e+03 9.829456210136413574e-01
1.734594668064709367e+03 9.845101237297058105e-01
1.734622446007351300e+03 9.868994355201721191e-01
1.734650223950457985e+03 9.890492558479309082e-01
1.734678001894030558e+03 9.917517900466918945e-01
1.734705779838302988e+03 9.945213794708251953e-01
1.734733557783039487e+03 9.970235824584960938e-01
1.734762724625607007e+03 9.991554617881774902e-01
1.734790502571741854e+03 1.000350713729858398e+00
1.734818280518108395e+03 1.000299692153930664e+00
1.734846058465406259e+03 1.000178813934326172e+00
