1.694507486911967135e+03 9.996566176414489746e-01
1.694535264137736249e+03 9.995911717414855957e-01
1.694563041363971024e+03 9.996910691261291504e-01
1.694590818590437948e+03 9.995812773704528809e-01
1.694618595817604728e+03 9.996597170829772949e-01
1.694646373045235578e+03 9.997429251670837402e-01
1.694674150273101077e+03 9.995982646942138672e-01
1.694701927501663249e+03 9.995929598808288574e-01
1.694729704730460071e+03 9.995045661926269531e-01
1.694757481959953566e+03 9.997356534004211426e-01
1.694785259189681710e+03 9.988898038864135742e-01
1.694813036419874607e+03 9.990302324295043945e-01
1.694840813650533619e+03 9.995232820510864258e-01
1.694868590881657383e+03 9.995483756065368652e-01
1.694896368113247718e+03 9.996163845062255859e-01
1.694924145345069519e+03 9.997115731239318848e-01
1.694951922577358800e+03 9.994893670082092285e-01
1.694979699810344755e+03 9.997066855430603027e-01
1.695007477043332528e+03 9.995537996292114258e-01
1.695036643138770614e+03 9.994788765907287598e-01
1.695064420372689710e+03 9.996768236160278320e-01
1.695092197607073558e+03 9.998343586921691895e-01
1.695119974841690691e+03 9.995104670524597168e-01
1.695147752077004952e+03 9.996871948242187500e-01
1.695175529312553863e+03 9.997521042823791504e-01
1.695203306548333785e+03 9.996349811553955078e-01
1.695231083784581188e+03 9.995576739311218262e-01
1.695258861021059602e+03 9.996249079704284668e-01
1.695286638258005496e+03 9.996834397315979004e-01
1.695314415495182402e+03 9.997483491897583008e-01
1.695342192732826788e+03 9.995554685592651367e-01
1.695369969970702186e+03 9.999445676803588867e-01
1.695397747208812007e+03 9.993033409118652344e-01
1.695425524447153293e+03 9.997779726982116699e-01
1.695453301685961378e+03 9.995486736297607422e-01
1.695481078924768553e+03 9.997798800468444824e-01
1.695508856163810378e+03 9.996879696846008301e-01
1.695536633403315591e+03 9.995037317276000977e-01
1.695564410642822622e+03 9.997291564941406250e-01
1.695592187882560665e+03 9.999188780784606934e-01
1.695619965122533358e+03 9.995493292808532715e-01
1.695647742362505142e+03 9.996088147163391113e-01
1.695675519602476697e+03 9.991268515586853027e-01
1.695703296842681084e+03 9.952512979507446289e-01
1.695731074082885698e+03 9.880757331848144531e-01
1.695758851323323142e+03 9.790239930152893066e-01
1.695786628563527756e+03 9.690038561820983887e-01
1.695814405803732370e+03 9.581364393234252930e-01
1.695842183043704154e+03 9.477231502532958984e-01
1.695869960283675937e+03 9.383859634399414062e-01
1.695897737523414889e+03 9.290743470191955566e-01
1.695925514762921011e+03 9.217473268508911133e-01
1.695953292002194985e+03 9.157585501670837402e-01
1.695981069241235446e+03 9.115568399429321289e-01
1.696008846479809563e+03 9.099121093750000000e-01
1.696036623717920065e+03 9.101272225379943848e-01
1.696064400955329802e+03 9.123412370681762695e-01
1.696092178192508527e+03 9.167567491531372070e-01
1.696119955428754110e+03 9.231378436088562012e-01
1.696147732664303021e+03 9.306012988090515137e-01
1.696175509899151621e+03 9.403625130653381348e-01
1.696203287133070717e+03 9.500240087509155273e-01
1.696231064366056671e+03 9.605152010917663574e-01
1.696258841597879837e+03 9.712787270545959473e-01
1.696286618828771225e+03 9.813739657402038574e-01
1.696314396058266539e+03 9.899628758430480957e-01
1.696342173286595880e+03 9.966861009597778320e-01
1.696369950513763342e+03 9.995693564414978027e-01
1.697351875070779442e+03 1.000059485435485840e+00
1.697379652292357605e+03 1.000088334083557129e+00
1.697407429515099921e+03 9.996449351310729980e-01
1.697435206738540728e+03 9.997584223747253418e-01
1.697462983963146144e+03 9.998787641525268555e-01
1.697493538911026917e+03 9.996131658554077148e-01
1.732966881659921228e+03 1.000162005424499512e+00
1.732994659567871167e+03 1.000189900398254395e+00
1.733022437476286314e+03 1.000188231468200684e+00
1.733050215385399270e+03 9.999333620071411133e-01
1.733077993295211400e+03 1.000090837478637695e+00
1.733105771205490328e+03 1.000169277191162109e+00
1.733133549116466611e+03 1.000137329101562500e+00
1.733161327027908555e+03 1.000105261802673340e+00
1.733189104940048992e+03 1.000262379646301270e+00
1.733216882852887920e+03 1.000189900398254395e+00
1.733244660766192283e+03 1.000084400177001953e+00
1.733272438679962534e+03 1.000281333923339844e+00
1.733300216594432641e+03 1.000339269638061523e+00
1.733327994509599648e+03 1.000117540359497070e+00
1.733355772425232544e+03 1.000317215919494629e+00
1.733383550341564614e+03 1.000101804733276367e+00
1.733411328258360754e+03 1.000096201896667480e+00
1.733439106175856296e+03 1.000329613685607910e+00
1.733466884094051011e+03 1.000073194503784180e+00
1.733504384284253774e+03 1.000171065330505371e+00
1.733532162203612415e+03 1.000299453735351562e+00
1.733559940123669094e+03 1.000008940696716309e+00
1.733587718044423582e+03 1.000191569328308105e+00
1.733615495965645096e+03 1.000328660011291504e+00
1.733644662783532112e+03 1.000125288963317871e+00
1.733672440705917097e+03 1.000232577323913574e+00
1.733700218629001938e+03 1.000303030014038086e+00
1.733727996552551076e+03 1.000134348869323730e+00
1.733755774476798706e+03 1.000242829322814941e+00
1.733783552401745965e+03 1.000171303749084473e+00
1.733812719223357135e+03 1.000177383422851562e+00
1.733840497149234579e+03 1.000084280967712402e+00
1.733868275076044711e+03 1.000107526779174805e+00
1.733896053003086308e+03 1.000081300735473633e+00
1.733923830930826171e+03 1.000352144241333008e+00
1.733951608859265434e+03 1.000012397766113281e+00
1.733982164581269672e+03 9.999099969863891602e-01
1.734009942510871724e+03 1.000429272651672363e+00
1.734037720440941484e+03 1.000023722648620605e+00
1.734065498371708145e+03 1.000042319297790527e+00
1.734093276303173525e+03 1.000223398208618164e+00
1.734121054235105248e+03 1.000260472297668457e+00
1.734148832167502405e+03 1.000064373016357422e+00
1.734176610100830430e+03 1.000244617462158203e+00
1.734204388034391286e+03 9.998866319656372070e-01
1.734232165968651998e+03 9.982522726058959961e-01
1.734259943903609837e+03 9.958086609840393066e-01
1.734287721839033111e+03 9.931190013885498047e-01
1.734315499775155786e+03 9.905819892883300781e-01
1.734343277711744122e+03 9.881129860877990723e-01
1.734371055649030041e+03 9.857553243637084961e-01
1.734398833586781848e+03 9.838252663612365723e-01
1.734426611525232829e+03 9.825198650360107422e-01
1.734454389464148790e+03 9.812105894088745117e-01
1.734482167403763015e+03 9.810135960578918457e-01
1.734509945343843810e+03 9.810720086097717285e-01
1.734537723284622416e+03 9.818127155303955078e-01
1.734565501225866683e+03 9.828684329986572266e-01
1.734593279167809214e+03 9.844363927841186523e-01
1.734621057110218999e+03 9.866367578506469727e-01
1.734648835053093080e+03 9.889449477195739746e-01
1.734676612996898484e+03 9.916785955429077148e-01
1.734704390940938083e+03 9.944969415664672852e-01
1.734732168885674582e+03 9.968975186347961426e-01
1.734761335728474705e+03 9.991070032119750977e-01
1.734789113674376949e+03 1.000350713729858398e+00
1.734816891620743490e+03 1.000246047973632812e+00
1.734844669568041354e+03 1.000224828720092773e+00
1.734872447515572503e+03 1.000128149986267090e+00
1.734900225463802371e+03 1.000271201133728027e+00
1.734928003412730050e+03 9.996790885925292969e-01
1.734955781362123162e+03 1.000350594520568848e+00
1.734983559311983527e+03 1.000193476676940918e+00
1.735011337262541019e+03 1.000375509262084961e+00
1.735039115213564173e+03 1.000233769416809082e+00
1.735066893165286274e+03 1.000225782394409180e+00
1.735094671117474263e+03 1.000151038169860840e+00
1.735122449070360062e+03 1.000377416610717773e+00
1.735150227023711523e+03 1.000203013420104980e+00
1.735178004977529781e+03 1.000223875045776367e+00
1.735205782932046077e+03 1.000220417976379395e+00
1.735233560887027352e+03 1.000467777252197266e+00
1.735261338842708483e+03 1.000147938728332520e+00
1.735289116798854593e+03 1.000262260437011719e+00
1.735316894755698286e+03 1.000241637229919434e+00
1.735344672712775719e+03 1.000266432762145996e+00
1.735372450670784474e+03 1.000233173370361328e+00
1.735400228629025378e+03 1.000403881072998047e+00
1.735428006587964546e+03 1.000108957290649414e+00
1.735455784547603798e+03 1.000216960906982422e+00
1.735483562507474517e+03 1.000338315963745117e+00
1.735511340468043727e+03 1.000231146812438965e+00
1.735539118429312111e+03 1.000125408172607422e+00
1.735566896391045930e+03 1.000049471855163574e+00
1.735594674353244955e+03 1.000336885452270508e+00
1.735622452315909641e+03 1.000198006629943848e+00
1.735650230279274638e+03 1.000201940536499023e+00
1.735678008243103477e+03 9.997836351394653320e-01
1.735705786207398660e+03 1.000038504600524902e+00
1.735733564172160186e+03 1.000186920166015625e+00
1.735761342137618612e+03 1.000299453735351562e+00
1.735789120103542928e+03 1.000131011009216309e+00
1.735816898070166417e+03 1.000413179397583008e+00
1.735844676037022737e+03 1.000167608261108398e+00
1.735872454004576866e+03 1.000226140022277832e+00
1.735900231972596430e+03 1.000347971916198730e+00
1.735928009941083928e+03 1.000259041786193848e+00
1.735955787910035724e+03 1.000335097312927246e+00
