    1180.756    1.06872E-11
    1182.433    8.82827E-12
    1184.109    7.06941E-12
    1185.785    5.69794E-12
    1187.462    4.62334E-12
    1189.138    3.58065E-12
    1190.815    2.46776E-12
    1195.844    1.32263E-12
    1197.520    2.04133E-13
    1199.197   -5.96904E-13
    1200.873   -5.78291E-13
    1202.549    2.97715E-13
    1204.226    1.31626E-12
    1205.902    1.80699E-12
    1207.579    1.85864E-12
    1209.255    1.95944E-12
    1210.931    2.30404E-12
    1212.608    2.73479E-12
    1214.284    3.08634E-12
    1215.961    3.34609E-12
    1217.637    3.52558E-12
    1219.313    3.52983E-12
    1220.990    3.22670E-12
    1222.666    2.64074E-12
    1224.343    2.01863E-12
    1226.019    1.63005E-12
    1227.695    1.55135E-12
    1229.372    1.68798E-12
    1231.048    1.93946E-12
    1232.725    2.27861E-12
    1234.401    2.75730E-12
    1236.077    3.48445E-12
    1237.754    4.52425E-12
    1239.430    5.81710E-12
    1241.107    7.26573E-12
    1242.783    8.89152E-12
    1244.459    1.08633E-11
    1246.136    1.34278E-11
    1247.812    1.68207E-11
    1249.489    2.10569E-11
    1251.165    2.56121E-11
    1252.841    2.93975E-11
    1254.518    3.13629E-11
    1256.194    3.12929E-11
    1257.871    3.00093E-11
    1259.547    2.89054E-11
    1261.223    2.94406E-11
    1262.900    3.28684E-11
    1264.576    3.98508E-11
    1266.253    4.99091E-11
    1267.929    6.13114E-11
    1269.605    7.17921E-11
    1271.282    7.97164E-11
    1272.958    8.49511E-11
    1274.635    8.89366E-11
    1276.311    9.37826E-11
    1277.987    1.00796E-10
    1279.664    1.09455E-10
    1281.340    1.17683E-10
    1283.017    1.23182E-10
    1284.693    1.24855E-10
    1286.369    1.23473E-10
    1288.046    1.21251E-10
    1289.722    1.20497E-10
    1291.399    1.22201E-10
    1293.075    1.25527E-10
    1294.752    1.28399E-10
    1296.428    1.28595E-10
    1298.104    1.24707E-10
    1299.781    1.16724E-10
    1301.457    1.06181E-10
    1303.133    9.58386E-11
    1304.810    8.88883E-11
    1306.486    8.79041E-11
    1308.163    9.40713E-11
    1309.839    1.06849E-10
    1311.515    1.23964E-10
    1313.192    1.41968E-10
    1314.868    1.57590E-10
    1316.545    1.69042E-10
    1318.221    1.76217E-10
    1319.898    1.79990E-10
    1321.574    1.81667E-10
    1323.250    1.82524E-10
    1326.603    1.82815E-10
    1328.279    1.81314E-10
    1329.956    1.76877E-10
    1331.632    1.70771E-10
    1333.309    1.66986E-10
    1334.985    1.69776E-10
    1336.661    1.80344E-10
    1338.338    1.95522E-10
    1340.014    2.09875E-10
    1341.691    2.19351E-10
    1343.367    2.23121E-10
    1345.043    2.22597E-10
    1346.720    2.19580E-10
    1348.396    2.15312E-10
    1350.073    2.10684E-10
    1351.749    2.06689E-10
    1353.425    2.04339E-10
    1355.102    2.04018E-10
    1356.778    2.04901E-10
    1358.455    2.05298E-10
    1360.131    2.03867E-10
    1361.807    2.00633E-10
    1363.484    1.96848E-10
    1365.160    1.94047E-10
    1366.837    1.93228E-10
    1368.513    1.94474E-10
    1370.189    1.97031E-10
    1371.866    1.99839E-10
    1373.542    2.02244E-10
    1375.219    2.04295E-10
    1376.895    2.06435E-10
    1378.571    2.08974E-10
    1380.248    2.11868E-10
    1381.924    2.14934E-10
    1383.601    2.18120E-10
    1385.277    2.21414E-10
    1386.954    2.24572E-10
    1388.630    2.27061E-10
    1390.306    2.28283E-10
    1391.983    2.27895E-10
    1393.659    2.26064E-10
    1395.335    2.23449E-10
    1397.012    2.20933E-10
    1398.688    2.19347E-10
    1400.365    2.19212E-10
    1402.041    2.20393E-10
    1403.717    2.21938E-10
    1405.394    2.22552E-10
    1407.070    2.21600E-10
    1408.747    2.19756E-10
    1410.423    2.18516E-10
    1412.100    2.18949E-10
    1413.776    2.21023E-10
    1415.452    2.24043E-10
    1417.129    2.27452E-10
    1418.805    2.31085E-10
    1420.481    2.34884E-10
    1422.158    2.38475E-10
    1423.834    2.40995E-10
    1425.511    2.41334E-10
    1427.187    2.38722E-10
    1428.863    2.33444E-10
    1430.540    2.27241E-10
    1432.216    2.22811E-10
    1433.893    2.22334E-10
    1435.569    2.26224E-10
    1437.245    2.33152E-10
    1438.922    2.41049E-10
    1440.598    2.48231E-10
    1442.275    2.54054E-10
    1443.951    2.58740E-10
    1445.627    2.62638E-10
    1447.304    2.65766E-10
    1448.980    2.67993E-10
    1450.657    2.69508E-10
    1452.333    2.70798E-10
    1454.009    2.71949E-10
    1455.686    2.72221E-10
    1457.362    2.70733E-10
    1459.039    2.67620E-10
    1460.715    2.64068E-10
    1462.391    2.61080E-10
    1464.068    2.58520E-10
    1465.744    2.55692E-10
    1467.421    2.52472E-10
    1469.097    2.49413E-10
    1470.773    2.46921E-10
    1472.450    2.44828E-10
    1474.126    2.42625E-10
    1475.803    2.39765E-10
    1477.479    2.36001E-10
    1479.156    2.31870E-10
    1480.832    2.28806E-10
    1482.508    2.28549E-10
    1484.185    2.32111E-10
    1485.861    2.38770E-10
    1487.537    2.46035E-10
    1489.214    2.51344E-10
    1490.890    2.54286E-10
    1492.567    2.56853E-10
    1494.243    2.61215E-10
    1495.919    2.67507E-10
    1497.596    2.73865E-10
    1499.272    2.78121E-10
    1500.949    2.78924E-10
    1502.625    2.75676E-10
    1504.302    2.68459E-10
    1505.978    2.58563E-10
    1507.654    2.48464E-10
    1509.331    2.40667E-10
    1511.007    2.36671E-10
    1512.684    2.36947E-10
    1514.360    2.41170E-10
    1516.036    2.47996E-10
    1517.713    2.55004E-10
    1519.389    2.59407E-10
    1521.065    2.59267E-10
    1522.742    2.54632E-10
    1524.418    2.47680E-10
    1526.095    2.41281E-10
    1527.771    2.36992E-10
    1529.447    2.34555E-10
    1531.124    2.33411E-10
    1532.800    2.34061E-10
    1534.477    2.37439E-10
    1536.153    2.43367E-10
    1537.830    2.50311E-10
    1539.506    2.56454E-10
    1541.182    2.60577E-10
    1542.859    2.62186E-10
    1544.535    2.61438E-10
    1546.211    2.58976E-10
    1547.888    2.55592E-10
    1549.564    2.52004E-10
    1551.241    2.48833E-10
    1552.917    2.46372E-10
    1554.593    2.44290E-10
    1556.270    2.41876E-10
    1557.946    2.38874E-10
    1559.623    2.35927E-10
    1561.299    2.33987E-10
    1562.976    2.33267E-10
    1564.652    2.32959E-10
    1566.328    2.32065E-10
    1568.005    2.30439E-10
    1569.681    2.28932E-10
    1571.357    2.28674E-10
    1573.034    2.30387E-10
    1574.710    2.34219E-10
    1576.387    2.39748E-10
    1578.063    2.45910E-10
    1579.739    2.51287E-10
    1581.416    2.54777E-10
    1583.092    2.56024E-10
    1584.769    2.55342E-10
    1586.445    2.53464E-10
    1588.121    2.51256E-10
    1589.798    2.49429E-10
    1591.474    2.48385E-10
    1593.151    2.48155E-10
    1594.827    2.48389E-10
    1596.503    2.48501E-10
    1598.180    2.48026E-10
    1599.856    2.46930E-10
    1601.533    2.45687E-10
    1603.209    2.44985E-10
    1604.886    2.45101E-10
    1606.562    2.45571E-10
    1608.238    2.45741E-10
    1609.915    2.45599E-10
    1611.591    2.45750E-10
    1613.267    2.46594E-10
    1614.944    2.47851E-10
    1616.620    2.48885E-10
    1618.297    2.49321E-10
    1619.973    2.49287E-10
    1621.649    2.49126E-10
    1623.326    2.49009E-10
    1625.002    2.48971E-10
    1626.679    2.49159E-10
    1628.355    2.49786E-10
    1630.032    2.50833E-10
    1631.708    2.51944E-10
    1633.384    2.52636E-10
    1635.061    2.52557E-10
    1636.737    2.51607E-10
    1638.414    2.49984E-10
    1640.090    2.48143E-10
    1641.766    2.46657E-10
    1643.443    2.45999E-10
    1645.119    2.46190E-10
    1646.795    2.46421E-10
    1648.472    2.45260E-10
    1650.148    2.41617E-10
    1651.825    2.35635E-10
    1653.501    2.28732E-10
    1655.178    2.23000E-10
    1656.854    2.20423E-10
    1658.530    2.22042E-10
    1660.207    2.27275E-10
    1661.883    2.33728E-10
    1663.559    2.37916E-10
    1665.236    2.37146E-10
    1666.912    2.31545E-10
    1668.589    2.24292E-10
    1670.265    2.19448E-10
    1671.941    2.19286E-10
    1673.618    2.23398E-10
    1675.294    2.29799E-10
    1676.971    2.36524E-10
    1678.647    2.42453E-10
    1680.323    2.47183E-10
    1682.000    2.50546E-10
    1683.676    2.52412E-10
    1685.353    2.52969E-10
    1687.029    2.52790E-10
    1688.705    2.52260E-10
    1690.382    2.51138E-10
    1692.058    2.48996E-10
    1693.735    2.45967E-10
    1695.411    2.42826E-10
    1697.087    2.40486E-10
    1698.764    2.39512E-10
    1700.440    2.39863E-10
    1702.117    2.40859E-10
    1703.793    2.41498E-10
    1705.469    2.41035E-10
    1707.146    2.39363E-10
    1708.822    2.36937E-10
    1710.499    2.34409E-10
    1712.175    2.32257E-10
    1713.851    2.30569E-10
    1715.528    2.29057E-10
    1717.204    2.27260E-10
    1718.881    2.24820E-10
    1720.557    2.21799E-10
    1722.233    2.18918E-10
    1723.910    2.17358E-10
    1725.586    2.17968E-10
    1727.263    2.20432E-10
    1728.939    2.23365E-10
    1730.616    2.25407E-10
    1732.292    2.26216E-10
    1733.968    2.26391E-10
    1735.645    2.26650E-10
    1737.321    2.27203E-10
    1738.997    2.27774E-10
    1740.674    2.28083E-10
    1742.350    2.28281E-10
    1744.027    2.28965E-10
    1745.703    2.30743E-10
    1747.379    2.33678E-10
    1749.056    2.37106E-10
    1750.732    2.39976E-10
    1752.409    2.41333E-10
    1754.085    2.40538E-10
    1755.762    2.37406E-10
    1757.438    2.32522E-10
    1759.114    2.27294E-10
    1760.791    2.23308E-10
    1762.467    2.21405E-10
    1764.143    2.21342E-10
    1765.820    2.22294E-10
    1767.496    2.23662E-10
    1769.173    2.25339E-10
    1770.849    2.27323E-10
    1772.525    2.29384E-10
    1774.202    2.31249E-10
    1775.878    2.32841E-10
    1777.555    2.34093E-10
    1779.231    2.34812E-10
    1780.908    2.35061E-10
    1782.584    2.35636E-10
    1784.260    2.37657E-10
    1785.937    2.41323E-10
    1792.642    2.45271E-10
    1794.319    2.47636E-10
    1795.995    2.47746E-10
    1797.671    2.46437E-10
    1799.348    2.44838E-10
    1801.024    2.43322E-10
    1802.701    2.41693E-10
    1804.377    2.40004E-10
    1806.053    2.38859E-10
    1807.730    2.38926E-10
    1809.406    2.40233E-10
    1811.083    2.42019E-10
    1812.759    2.43182E-10
    1814.435    2.42964E-10
    1816.112    2.41411E-10
    1817.788    2.39343E-10
    1819.465    2.37777E-10
    1821.141    2.37130E-10
    1822.817    2.36843E-10
    1824.494    2.35898E-10
    1826.170    2.33861E-10
    1827.847    2.31393E-10
    1829.523    2.29636E-10
    1831.199    2.29094E-10
    1832.876    2.29117E-10
    1834.552    2.28437E-10
    1836.229    2.26181E-10
    1837.905    2.22505E-10
    1839.581    2.18437E-10
    1841.258    2.15268E-10
    1842.934    2.13929E-10
    1844.611    2.14582E-10
    1846.287    2.16563E-10
    1847.963    2.18775E-10
    1849.640    2.20287E-10
    1851.316    2.20702E-10
    1852.993    2.20165E-10
    1854.669    2.19153E-10
    1856.345    2.18186E-10
    1858.022    2.17584E-10
    1859.698    2.17416E-10
    1861.375    2.17733E-10
    1863.051    2.18812E-10
    1864.727    2.21029E-10
    1866.404    2.24378E-10
    1868.080    2.28230E-10
    1869.757    2.31675E-10
    1871.433    2.34108E-10
    1873.109    2.35436E-10
    1874.786    2.35913E-10
    1876.462    2.35888E-10
    1878.139    2.35583E-10
    1879.815    2.34957E-10
    1881.492    2.33770E-10
    1883.168    2.31923E-10
    1884.844    2.29745E-10
    1886.521    2.27833E-10
    1888.197    2.26522E-10
    1889.873    2.25609E-10
    1891.550    2.24659E-10
    1893.226    2.23537E-10
    1894.903    2.22562E-10
    1896.579    2.22172E-10
    1898.255    2.22522E-10
    1899.932    2.23389E-10
    1901.608    2.24357E-10
    1903.285    2.25076E-10
    1904.961    2.25423E-10
    1906.638    2.25524E-10
    1908.314    2.25649E-10
    1909.990    2.26034E-10
    1911.667    2.26658E-10
    1913.343    2.27043E-10
    1915.019    2.26314E-10
    1916.696    2.23664E-10
    1925.078    2.19123E-10
    1926.754    2.14078E-10
    1928.431    2.10820E-10
    1930.107    2.11058E-10
    1931.783    2.14594E-10
    1933.460    2.19520E-10
    1935.136    2.23699E-10
    1936.813    2.26015E-10
    1938.489    2.26480E-10
    1940.165    2.25684E-10
    1941.842    2.24334E-10
    1943.518    2.23091E-10
    1945.195    2.22449E-10
    1946.871    2.22622E-10
    1948.547    2.23569E-10
    1950.224    2.25100E-10
    1951.900    2.26898E-10
    1953.577    2.28489E-10
    1955.253    2.29411E-10
    1956.929    2.29523E-10
    1958.606    2.29087E-10
    1960.282    2.28476E-10
    1961.959    2.27823E-10
    1963.635    2.27010E-10
    1965.311    2.25963E-10
    1966.988    2.24874E-10
    1968.664    2.24090E-10
    1970.341    2.23847E-10
    1972.017    2.24059E-10
    1973.693    2.24263E-10
    1975.370    2.23746E-10
    1977.046    2.21951E-10
    1978.723    2.18977E-10
    1979.559    2.15561E-10
    1982.229    2.12380E-10
    1984.898    2.09445E-10
    1987.567    2.06419E-10
    1990.237    2.03402E-10
    1992.906    2.01071E-10
    1995.575    1.99930E-10
    1998.245    1.99721E-10
    2000.914    1.99767E-10
    2003.583    1.99645E-10
    2006.252    1.99239E-10
    2008.922    1.98464E-10
    2011.591    1.97386E-10
    2014.260    1.96439E-10
    2016.930    1.96097E-10
    2019.599    1.96295E-10
    2022.268    1.96473E-10
    2024.938    1.96463E-10
    2027.607    1.96910E-10
    2030.276    1.98387E-10
    2032.945    2.00491E-10
    2035.615    2.02388E-10
    2038.284    2.03896E-10
    2040.953    2.05546E-10
    2043.623    2.07687E-10
    2046.292    2.09779E-10
    2048.961    2.10573E-10
    2051.630    2.09055E-10
    2054.300    2.05385E-10
    2056.969    2.00933E-10
    2059.638    1.97268E-10
    2062.308    1.95114E-10
    2064.977    1.94261E-10
    2067.646    1.94172E-10
    2070.316    1.94446E-10
    2072.985    1.94921E-10
    2075.654    1.95562E-10
    2078.323    1.96234E-10
    2080.993    1.96687E-10
    2083.662    1.96883E-10
    2086.331    1.97132E-10
    2089.001    1.97661E-10
    2091.670    1.98101E-10
    2094.339    1.97654E-10
    2097.008    1.95903E-10
    2099.678    1.93369E-10
    2102.347    1.91161E-10
    2105.017    1.90145E-10
    2107.686    1.90509E-10
    2110.355    1.91884E-10
    2113.024    1.93811E-10
    2115.694    1.96003E-10
    2118.363    1.97948E-10
    2121.032    1.98454E-10
    2123.702    1.96257E-10
    2126.371    1.91145E-10
    2129.040    1.84108E-10
    2131.709    1.76718E-10
    2134.379    1.70707E-10
    2137.048    1.67646E-10
    2139.717    1.68267E-10
    2142.387    1.71929E-10
    2145.056    1.76934E-10
    2147.725    1.81409E-10
    2150.394    1.84033E-10
    2153.064    1.84382E-10
    2155.733    1.82957E-10
    2158.403    1.80785E-10
    2161.072    1.78841E-10
    2163.741    1.77725E-10
    2166.410    1.77475E-10
    2169.080    1.77470E-10
    2171.749    1.76935E-10
    2174.418    1.75811E-10
    2177.088    1.74738E-10
    2179.757    1.74029E-10
    2182.426    1.73206E-10
    2185.095    1.71864E-10
    2187.765    1.70616E-10
    2190.434    1.70809E-10
    2193.104    1.73367E-10
    2195.773    1.77936E-10
    2198.442    1.82844E-10
    2201.111    1.85820E-10
    2203.780    1.85276E-10
    2206.450    1.81443E-10
    2209.119    1.76291E-10
    2211.789    1.72030E-10
    2214.458    1.69538E-10
    2217.127    1.68290E-10
    2219.796    1.67398E-10
    2222.466    1.66354E-10
    2225.135    1.65190E-10
    2227.804    1.64493E-10
    2230.474    1.64981E-10
    2233.143    1.66679E-10
    2235.812    1.68613E-10
    2238.481    1.69372E-10
    2241.151    1.68055E-10
    2243.820    1.64984E-10
    2246.489    1.61607E-10
    2249.159    1.59567E-10
    2251.828    1.59621E-10
    2254.497    1.61203E-10
    2257.166    1.62831E-10
    2259.836    1.63162E-10
    2262.505    1.61923E-10
    2265.175    1.60014E-10
    2267.844    1.58790E-10
    2270.513    1.59065E-10
    2273.182    1.60590E-10
    2275.852    1.62417E-10
    2278.521    1.63807E-10
    2281.190    1.64686E-10
    2283.860    1.65242E-10
    2286.529    1.65260E-10
    2289.198    1.64161E-10
    2291.867    1.61823E-10
    2294.537    1.59125E-10
    2297.206    1.57365E-10
    2299.876    1.57144E-10
    2302.545    1.57975E-10
    2305.214    1.58953E-10
    2307.883    1.59600E-10
    2310.553    1.59889E-10
    2313.222    1.59661E-10
    2315.891    1.58434E-10
    2318.561    1.55901E-10
    2321.230    1.52442E-10
    2323.899    1.48934E-10
    2326.568    1.46024E-10
    2329.238    1.43647E-10
    2331.907    1.41343E-10
    2334.576    1.38950E-10
    2337.246    1.36746E-10
    2339.915    1.34984E-10
    2342.584    1.33714E-10
    2345.253    1.33057E-10
    2347.923    1.33170E-10
    2350.592    1.33769E-10
    2353.262    1.34117E-10
    2355.931    1.33724E-10
    2358.600    1.32898E-10
    2361.269    1.32430E-10
    2363.939    1.32776E-10
    2366.608    1.33591E-10
    2369.277    1.33995E-10
    2371.947    1.33241E-10
    2374.616    1.31264E-10
    2377.285    1.28753E-10
    2379.954    1.26707E-10
    2382.624    1.25895E-10
    2385.293    1.26590E-10
    2387.962    1.28517E-10
    2390.632    1.30855E-10
    2393.301    1.32548E-10
    2395.970    1.32973E-10
    2398.640    1.32300E-10
    2401.309    1.31106E-10
    2403.978    1.29770E-10
    2406.648    1.28432E-10
    2409.317    1.27361E-10
    2411.986    1.27041E-10
    2414.655    1.27786E-10
    2417.325    1.29396E-10
    2419.994    1.31304E-10
    2422.663    1.33067E-10
    2425.332    1.34566E-10
    2428.002    1.35802E-10
    2430.671    1.36800E-10
    2433.340    1.37725E-10
    2436.010    1.38783E-10
    2438.679    1.39903E-10
    2441.348    1.40678E-10
    2444.018    1.40687E-10
    2446.687    1.39849E-10
    2449.356    1.38509E-10
    2452.025    1.37209E-10
    2454.695    1.36301E-10
    2457.364    1.35795E-10
    2460.033    1.35462E-10
    2462.703    1.35014E-10
    2465.372    1.34203E-10
    2468.041    1.32958E-10
    2470.710    1.31494E-10
    2473.380    1.30247E-10
    2476.049    1.29628E-10
    2478.718    1.29797E-10
    2481.388    1.30576E-10
    2484.057    1.31601E-10
    2486.726    1.32703E-10
    2489.396    1.34154E-10
    2492.065    1.36378E-10
    2494.734    1.39308E-10
    2497.404    1.42130E-10
    2500.073    1.43810E-10
    2502.742    1.43877E-10
    2505.412    1.42725E-10
    2508.081    1.41247E-10
    2510.750    1.40180E-10
    2513.419    1.39580E-10
    2516.089    1.38923E-10
    2518.758    1.37767E-10
    2521.427    1.36248E-10
    2524.097    1.34882E-10
    2526.766    1.34027E-10
    2529.435    1.33586E-10
    2532.104    1.33118E-10
    2534.774    1.32265E-10
    2537.443    1.31148E-10
    2540.112    1.30327E-10
    2542.782    1.30358E-10
    2545.451    1.31396E-10
    2548.120    1.33138E-10
    2550.790    1.35013E-10
    2553.459    1.36488E-10
    2556.128    1.37306E-10
    2558.797    1.37550E-10
    2561.467    1.37575E-10
    2564.136    1.37856E-10
    2566.805    1.38736E-10
    2569.475    1.40176E-10
    2572.144    1.41754E-10
    2574.813    1.42954E-10
    2577.483    1.43520E-10
    2580.152    1.43551E-10
    2582.821    1.43331E-10
    2585.490    1.43023E-10
    2588.160    1.42444E-10
    2590.829    1.41147E-10
    2593.499    1.38851E-10
    2596.168    1.35870E-10
    2598.837    1.32989E-10
    2601.506    1.30896E-10
    2604.175    1.29764E-10
    2606.845    1.29425E-10
    2609.514    1.29744E-10
    2612.184    1.30706E-10
    2614.853    1.32155E-10
    2617.522    1.33595E-10
    2620.191    1.34372E-10
    2622.861    1.34226E-10
    2625.530    1.33726E-10
    2628.199    1.34038E-10
    2630.869    1.36101E-10
    2633.538    1.39867E-10
    2636.207    1.44331E-10
    2638.876    1.48280E-10
    2641.546    1.51062E-10
    2644.215    1.52747E-10
    2646.884    1.53723E-10
    2649.554    1.54149E-10
    2652.223    1.53738E-10
    2654.892    1.52138E-10
    2657.561    1.49495E-10
    2660.231    1.46586E-10
    2662.900    1.44378E-10
    2665.570    1.43455E-10
    2668.239    1.43707E-10
    2670.908    1.44472E-10
    2673.577    1.44989E-10
    2676.247    1.44761E-10
    2678.916    1.43660E-10
    2681.585    1.41926E-10
    2684.255    1.40102E-10
    2686.924    1.38777E-10
    2689.593    1.38224E-10
    2692.262    1.38241E-10
    2694.932    1.38369E-10
    2697.601    1.38267E-10
    2700.271    1.37944E-10
    2702.940    1.37665E-10
    2705.609    1.37657E-10
    2708.278    1.37949E-10
    2710.948    1.38464E-10
    2713.617    1.39152E-10
    2716.286    1.39895E-10
    2718.956    1.40385E-10
    2721.625    1.40351E-10
    2724.294    1.39995E-10
    2726.963    1.39918E-10
    2729.633    1.40400E-10
    2732.302    1.40888E-10
    2734.971    1.40388E-10
    2737.641    1.38362E-10
    2740.310    1.35197E-10
    2742.979    1.31887E-10
    2745.648    1.29377E-10
    2748.318    1.28114E-10
    2750.987    1.27996E-10
    2753.657    1.28609E-10
    2756.326    1.29546E-10
    2758.995    1.30563E-10
    2761.664    1.31573E-10
    2764.334    1.32544E-10
    2767.003    1.33386E-10
    2769.672    1.33886E-10
    2772.342    1.33839E-10
    2775.011    1.33276E-10
    2777.680    1.32484E-10
    2780.349    1.31678E-10
    2783.019    1.30559E-10
    2785.688    1.28278E-10
    2788.357    1.24036E-10
    2791.027    1.17990E-10
    2793.696    1.11669E-10
    2796.365    1.07402E-10
    2799.034    1.07046E-10
    2801.704    1.10952E-10
    2804.373    1.17865E-10
    2807.043    1.25651E-10
    2809.712    1.32342E-10
    2812.381    1.36957E-10
    2815.050    1.39644E-10
    2817.720    1.41081E-10
    2820.389    1.41740E-10
    2823.058    1.41634E-10
    2825.727    1.40616E-10
    2828.397    1.38833E-10
    2831.066    1.36842E-10
    2833.735    1.35258E-10
    2836.405    1.34306E-10
    2839.074    1.33765E-10
    2841.743    1.33314E-10
    2857.759    1.32823E-10
    2860.428    1.32328E-10
    2863.098    1.31872E-10
    2865.767    1.31497E-10
    2868.436    1.31301E-10
    2871.106    1.31383E-10
    2873.775    1.31754E-10
    2876.444    1.32349E-10
    2879.113    1.33034E-10
    2881.783    1.33536E-10
    2884.452    1.33517E-10
    2887.122    1.32858E-10
    2889.791    1.31845E-10
    2892.460    1.31017E-10
    2895.129    1.30844E-10
    2897.799    1.31453E-10
    2900.468    1.32560E-10
    2903.137    1.33656E-10
    2905.807    1.34333E-10
    2908.476    1.34549E-10
    2911.145    1.34609E-10
    2913.814    1.34845E-10
    2916.484    1.35232E-10
    2919.153    1.35332E-10
    2921.822    1.34708E-10
    2924.492    1.33410E-10
    2927.161    1.31947E-10
    2929.830    1.30827E-10
    2932.499    1.30246E-10
    2935.169    1.30159E-10
    2937.838    1.30452E-10
    2940.507    1.30976E-10
    2943.177    1.31507E-10
    2945.846    1.31817E-10
    2948.515    1.31804E-10
    2951.185    1.31551E-10
    2953.854    1.31252E-10
    2956.523    1.31063E-10
    2959.192    1.31012E-10
    2961.862    1.31064E-10
    2964.531    1.31229E-10
    2967.200    1.31571E-10
    2969.870    1.32097E-10
    2972.539    1.32654E-10
    2975.209    1.32972E-10
    2977.877    1.32905E-10
    2980.547    1.32675E-10
    2983.216    1.32744E-10
    2985.885    1.33365E-10
    2988.555    1.34303E-10
    2991.224    1.35041E-10
    2993.894    1.35200E-10
    2996.563    1.34789E-10
    2999.232    1.34144E-10
    3001.901    1.33627E-10
    3004.571    1.33355E-10
    3007.240    1.33176E-10
    3009.909    1.32874E-10
    3012.579    1.32378E-10
    3015.248    1.31784E-10
    3017.917    1.31205E-10
    3020.586    1.30654E-10
    3023.256    1.30130E-10
    3025.925    1.29785E-10
    3028.594    1.29872E-10
    3031.264    1.30478E-10
    3033.933    1.31406E-10
    3036.602    1.32404E-10
    3039.271    1.33417E-10
    3041.941    1.34601E-10
    3044.610    1.36043E-10
    3047.279    1.37381E-10
    3052.618    1.37776E-10
    3055.287    1.36597E-10
    3065.964    1.34251E-10
    3068.634    1.32098E-10
    3071.303    1.31451E-10
    3073.972    1.32707E-10
    3076.642    1.35203E-10
    3079.311    1.37704E-10
    3081.981    1.39179E-10
    3084.650    1.39333E-10
    3087.319    1.38510E-10
    3089.988    1.37304E-10
    3092.657    1.36304E-10
    3095.327    1.35870E-10
    3097.996    1.35872E-10
    3100.666    1.35835E-10
    3103.335    1.35557E-10
    3106.004    1.35431E-10
    3108.673    1.35937E-10
    3111.343    1.36914E-10
    3114.012    1.37648E-10
    3116.681    1.37652E-10
    3119.351    1.37019E-10
    3122.020    1.36073E-10
    3124.689    1.35017E-10
    3127.358    1.33940E-10
    3130.028    1.33004E-10
    3132.697    1.32539E-10
    3135.366    1.32892E-10
    3138.036    1.34076E-10
    3140.705    1.35607E-10
    3143.374    1.36669E-10
    3146.044    1.36411E-10
    3148.713    1.34361E-10
    3151.382    1.30917E-10
    3154.051    1.27393E-10
    3156.721    1.25178E-10
    3159.390    1.24722E-10
    3162.059    1.25470E-10
    3164.729    1.26551E-10
    3167.398    1.27255E-10
    3170.067    1.27185E-10
    3172.737    1.26413E-10
    3175.406    1.25401E-10
    3178.075    1.24614E-10
    3180.744    1.24315E-10
    3183.414    1.24597E-10
    3186.083    1.25287E-10
    3188.752    1.25889E-10
    3191.422    1.25989E-10
    3194.091    1.25752E-10
    3196.760    1.25878E-10
    3199.430    1.26984E-10
    3202.099    1.28914E-10
    3204.768    1.30610E-10
    3207.438    1.30884E-10
    3210.107    1.29501E-10
    3212.776    1.27385E-10
    3215.445    1.25835E-10
    3218.115    1.25612E-10
    3220.784    1.26433E-10
    3223.453    1.27101E-10
    3226.123    1.26430E-10
    3228.792    1.24301E-10
    3231.461    1.21714E-10
    3234.130    1.20032E-10
    3236.800    1.20263E-10
    3239.469    1.22687E-10
    3242.138    1.26756E-10
    3244.808    1.31401E-10
    3247.477    1.35575E-10
