    3225.000    1.39300E-10
    3275.000    1.35200E-10
    3325.000    1.31300E-10
    3375.000    1.27000E-10
    3425.000    1.25900E-10
    3475.000    1.21800E-10
    3525.000    1.20700E-10
    3575.000    1.18800E-10
    3625.000    1.16900E-10
    3675.000    1.16400E-10
    3725.000    1.21600E-10
    3775.000    1.75600E-10
    3825.000    2.28600E-10
    3875.000    2.78100E-10
    3925.000    2.90800E-10
    3975.000    2.07600E-10
    4025.000    3.07300E-10
    4075.000    2.66700E-10
    4125.000    2.47400E-10
    4175.000    2.71800E-10
    4225.000    2.69000E-10
    4275.000    2.57100E-10
    4325.000    2.04300E-10
    4375.000    2.22400E-10
    4425.000    2.29000E-10
    4475.000    2.23200E-10
    4525.000    2.17000E-10
    4575.000    2.10000E-10
    4625.000    2.03200E-10
    4675.000    1.96800E-10
    4725.000    1.91700E-10
    4775.000    1.83400E-10
    4825.000    1.71100E-10
    4875.000    1.39900E-10
    4925.000    1.60800E-10
    4975.000    1.66600E-10
    5025.000    1.60600E-10
    5075.000    1.55300E-10
    5125.000    1.52700E-10
    5175.000    1.48200E-10
    5225.000    1.42600E-10
    5275.000    1.39000E-10
    5325.000    1.33900E-10
    5375.000    1.30700E-10
    5425.000    1.27900E-10
    5475.000    1.26300E-10
    5525.000    1.21900E-10
    5575.000    1.18700E-10
    5625.000    1.15000E-10
    5675.000    1.13200E-10
    5725.000    1.09400E-10
    5775.000    1.07000E-10
    5825.000    1.03800E-10
    5875.000    1.01100E-10
    5925.000    9.94000E-11
    5975.000    9.59000E-11
    6025.000    9.28000E-11
    6075.000    8.89000E-11
    6125.000    8.75000E-11
    6175.000    8.57000E-11
    6225.000    8.22000E-11
    6275.000    8.04000E-11
    6325.000    7.79000E-11
    6375.000    7.62000E-11
    6425.000    7.39000E-11
    6475.000    7.29000E-11
    6525.000    6.89000E-11
    6575.000    6.07000E-11
    6625.000    6.75000E-11
    6675.000    6.75000E-11
    6725.000    6.61000E-11
    6775.000    6.48000E-11
    6825.000    6.30000E-11
    6875.000    6.16000E-11
    6925.000    6.04000E-11
    6975.000    5.92000E-11
    7025.000    5.75000E-11
    7075.000    5.67000E-11
    7125.000    5.48000E-11
    7175.000    5.42000E-11
    7225.000    5.33000E-11
    7275.000    5.23000E-11
    7325.000    5.01000E-11
    7375.000    4.83000E-11
    7425.000    4.71000E-11
    7475.000    4.62000E-11
    7525.000    4.50000E-11
    7575.000    4.49000E-11
    7625.000    4.44000E-11
    7675.000    4.24000E-11
    7725.000    4.17000E-11
    7775.000    4.02000E-11
    7825.000    4.00000E-11
    7875.000    3.95000E-11
    7925.000    3.82000E-11
    7975.000    3.73000E-11
    8025.000    3.61000E-11
    8075.000    3.60000E-11
    8125.000    3.63000E-11
    8175.000    3.54000E-11
    8225.000    3.50000E-11
    8275.000    3.37000E-11
    8325.000    3.32000E-11
    8375.000    3.25000E-11
    8425.000    3.14000E-11
    8475.000    3.18000E-11
    8525.000    3.14000E-11
    8575.000    3.00000E-11
    8625.000    2.95000E-11
    8675.000    3.04000E-11
    8725.000    2.88000E-11
    8775.000    3.01000E-11
    8825.000    2.99000E-11
    8875.000    2.80000E-11
    8925.000    2.91000E-11
    8975.000    2.90000E-11
    9025.000    2.90000E-11
    9075.000    2.83000E-11
    9125.000    2.84000E-11
    9175.000    2.69000E-11
    9225.000    2.65000E-11
    9275.000    2.48000E-11
    9325.000    2.57000E-11
    9375.000    2.53000E-11
    9425.000    2.51000E-11
    9475.000    2.70000E-11
    9525.000    2.45000E-11
    9575.000    2.34000E-11
    9625.000    2.36000E-11
    9675.000    2.45000E-11
    9725.000    2.24000E-11
    9775.000    2.33000E-11
    9825.000    2.32000E-11
    9875.000    2.22000E-11
    9925.000    2.29000E-11
    9975.000    2.15000E-11
   10025.000    1.85000E-11
   10075.000    1.88000E-11
   10125.000    2.10000E-11
   10175.000    2.03000E-11
   10225.000    2.00000E-11
   10275.000    2.10000E-11
   10325.000    2.02000E-11
   10375.000    1.99000E-11
   10425.000    1.90000E-11
   10475.000    1.89000E-11
   10525.000    1.85000E-11
   10575.000    1.80000E-11
   10625.000    1.75000E-11
   10675.000    1.72000E-11
   10725.000    1.70000E-11
   10775.000    1.68000E-11
   10825.000    1.67000E-11
