5.878531335309999849e+04 2.814189345625897687e+01
5.878878214119999757e+04 5.093385277710675751e+01
5.880467821479999839e+04 -6.177562883050406128e+00
5.881270611539999663e+04 -1.780958840666694698e+01
5.881569965539999976e+04 -1.643872897004423805e+01
5.881678295880000223e+04 -1.663430802698001543e+01
5.881764966219999769e+04 -1.613056493843618711e+01
5.881863966600000276e+04 -1.535718456186303627e+01
5.882169272220000130e+04 -1.261053562544625350e+01
5.882565322200000082e+04 -6.822586849790443608e+00
5.882765023710000241e+04 -3.177576436206955179e+00
5.882861999159999687e+04 -9.556122601049530374e-01
5.882978980510000110e+04 2.163970427760968818e+00
5.883060164909999730e+04 3.636247229473543285e+00
5.883161148710000271e+04 7.244973487176402216e+00
5.883260533389999910e+04 1.046610175756669925e+01
5.883762236790000316e+04 3.304588289343378449e+01
5.883864073389999976e+04 3.957378547726393947e+01
5.883957284380000056e+04 4.574453694417456973e+01
5.885271083560000261e+04 1.030711561954321276e+01
5.885355528390000109e+04 5.161862960402341827e+00
5.885453051140000025e+04 0.000000000000000000e+00
5.886054576359999919e+04 -1.528935244067787380e+01
5.886151907200000278e+04 -1.613765948674878814e+01
5.886351051410000218e+04 -1.714884169376976786e+01
5.886450862849999976e+04 -1.763515968918733279e+01
5.886550242040000012e+04 -1.762467772773079844e+01
5.886652367719999893e+04 -1.747128801258677555e+01
5.886749610160000157e+04 -1.692299968477023953e+01
5.887254471349999949e+04 -1.314309420402668849e+01
5.887454740719999972e+04 -1.087333149169094781e+01
5.887554412939999747e+04 -9.296888863900420574e+00
5.887654516690000310e+04 -8.077291375062692680e+00
5.887756738960000075e+04 -6.364252468109459215e+00
5.887852941920000012e+04 -4.349424625160079216e+00
5.887952903769999830e+04 -2.130353946866542003e+00
5.888072028839999984e+04 4.020598120297051992e-01
5.888153121390000160e+04 2.736949024484442106e+00
5.888551334409999981e+04 1.618561498062991433e+01
5.888651149389999773e+04 1.992161855789881741e+01
5.888750688480000099e+04 2.493854799804307376e+01
5.888880438390000199e+04 3.139369972197416203e+01
5.888976042189999862e+04 3.734130283061474387e+01
5.889052644180000061e+04 4.242865118882388487e+01
5.889153079060000164e+04 4.944500455154270213e+01
5.889250637960000313e+04 5.708999346505220274e+01
5.889351986159999797e+04 6.488319283585195762e+01
5.889549583349999739e+04 7.733171207464660313e+01
5.889648041209999792e+04 7.951937154886601888e+01
